images/1.jpg 346,5,472,599,0 41,82,65,214,1 70,85,95,214,1 88,70,117,214,1 117,89,137,213,1 138,76,166,215,1 163,58,195,210,1 188,84,221,212,1 218,90,245,213,1 246,101,270,213,1 272,85,298,214,1 299,79,329,215,1 332,83,356,213,1 357,86,383,212,1 388,78,416,212,1 418,92,451,212,1 447,83,480,212,1 478,75,500,209,1 507,74,533,209,1 535,78,569,208,1 566,81,592,217,1
images/04_mascara_test_group_630.jpg 30,228,63,362,0 68,228,86,334,0 89,228,110,334,0 112,227,134,333,0 137,227,161,341,0 164,226,188,338,0 192,227,211,335,0 216,230,240,322,0 245,226,269,318,0 272,229,296,355,0 300,232,327,330,0 333,228,351,332,0 361,227,387,353,0 392,226,415,318,0 422,227,446,321,0 456,226,472,330,0 484,226,506,346,0 513,228,534,337,0 537,228,564,328,0 570,227,592,330,0 41,82,65,214,1  70,85,95,214,1  88,70,117,214,1  117,89,137,213,1  138,76,166,215,1  163,58,195,210,1  188,84,221,212,1  218,90,245,213,1  246,101,270,213,1  272,85,298,214,1  299,79,329,215,1  332,83,356,213,1  357,86,383,212,1  388,78,416,212,1  418,92,451,212,1  447,83,480,212,1  478,75,500,209,1  507,74,533,209,1  535,78,569,208,1  566,81,592,217,1
images/8_absolute_flutter_secrets_dramatic_eyes_mascara_lakme_original_imaezpherezv5y3z.jpeg 1,2,83,604,0 41,82,65,214,1 70,85,95,214,1 88,70,117,214,1 117,89,137,213,1 138,76,166,215,1 163,58,195,210,1 188,84,221,212,1 218,90,245,213,1 246,101,270,213,1 272,85,298,214,1 299,79,329,215,1 332,83,356,213,1 357,86,383,212,1 388,78,416,212,1 418,92,451,212,1 447,83,480,212,1 478,75,500,209,1 507,74,533,209,1 535,78,569,208,1 566,81,592,217,1
images/10_glossier_lash_stick.w330.h412.jpg 137,104,200,374,0 41,82,65,214,1 70,85,95,214,1 88,70,117,214,1 117,89,137,213,1 138,76,166,215,1 163,58,195,210,1 188,84,221,212,1 218,90,245,213,1 246,101,270,213,1 272,85,298,214,1 299,79,329,215,1 332,83,356,213,1 357,86,383,212,1 388,78,416,212,1 418,92,451,212,1 447,83,480,212,1 478,75,500,209,1 507,74,533,209,1 535,78,569,208,1 566,81,592,217,1
images/13_drugstore_mascara_full_bloom.w710.h473.2x.jpg 518,35,666,757,0 41,82,65,214,1 70,85,95,214,1 88,70,117,214,1 117,89,137,213,1 138,76,166,215,1 163,58,195,210,1 188,84,221,212,1 218,90,245,213,1 246,101,270,213,1 272,85,298,214,1 299,79,329,215,1 332,83,356,213,1 357,86,383,212,1 388,78,416,212,1 418,92,451,212,1 447,83,480,212,1 478,75,500,209,1 507,74,533,209,1 535,78,569,208,1 566,81,592,217,1
images/028.jpg 10,163,296,321,0 41,82,65,214,1 70,85,95,214,1 88,70,117,214,1 117,89,137,213,1 138,76,166,215,1 163,58,195,210,1 188,84,221,212,1 218,90,245,213,1 246,101,270,213,1 272,85,298,214,1 299,79,329,215,1 332,83,356,213,1 357,86,383,212,1 388,78,416,212,1 418,92,451,212,1 447,83,480,212,1 478,75,500,209,1 507,74,533,209,1 535,78,569,208,1 566,81,592,217,1
images/41yYhiHdAQL._SX300_QL70_.jpg 246,15,378,599,1
images/61NBO_vZttL._SL1500_.jpg 605,162,866,1418,0 41,82,65,214,1 70,85,95,214,1 88,70,117,214,1 117,89,137,213,1 138,76,166,215,1 163,58,195,210,1 188,84,221,212,1 218,90,245,213,1 246,101,270,213,1 272,85,298,214,1 299,79,329,215,1 332,83,356,213,1 357,86,383,212,1 388,78,416,212,1 418,92,451,212,1 447,83,480,212,1 478,75,500,209,1 507,74,533,209,1 535,78,569,208,1 566,81,592,217,1
images/71hNpfFPf_L._SL1500_.jpg 733,460,914,1418,0 41,82,65,214,1 70,85,95,214,1 88,70,117,214,1 117,89,137,213,1 138,76,166,215,1 163,58,195,210,1 188,84,221,212,1 218,90,245,213,1 246,101,270,213,1 272,85,298,214,1 299,79,329,215,1 332,83,356,213,1 357,86,383,212,1 388,78,416,212,1 418,92,451,212,1 447,83,480,212,1 478,75,500,209,1 507,74,533,209,1 535,78,569,208,1 566,81,592,217,1
images/71nRpmoc2iL._SY355_.jpg 53,87,109,338,0 160,135,207,337,0 41,82,65,214,1  70,85,95,214,1 88,70,117,214,1 117,89,137,213,1 138,76,166,215,1 163,58,195,210,1 188,84,221,212,1 218,90,245,213,1 246,101,270,213,1 272,85,298,214,1 299,79,329,215,1 332,83,356,213,1 357,86,383,212,1 388,78,416,212,1 418,92,451,212,1 447,83,480,212,1 478,75,500,209,1 507,74,533,209,1 535,78,569,208,1 566,81,592,217,1
images/81V817A7MCL._SY355_.jpg 27,20,90,337,0 41,82,65,214,1 70,85,95,214,1 88,70,117,214,1 117,89,137,213,1 138,76,166,215,1 163,58,195,210,1 188,84,221,212,1 218,90,245,213,1 246,101,270,213,1 272,85,298,214,1 299,79,329,215,1 332,83,356,213,1 357,86,383,212,1 388,78,416,212,1 418,92,451,212,1 447,83,480,212,1 478,75,500,209,1 507,74,533,209,1 535,78,569,208,1 566,81,592,217,1
images/156fd377_9954_4402_92e8_de55eb1a7be9.jpeg 415,29,595,1131,0 41,82,65,214,1 70,85,95,214,1 88,70,117,214,1 117,89,137,213,1 138,76,166,215,1 163,58,195,210,1 188,84,221,212,1 218,90,245,213,1 246,101,270,213,1 272,85,298,214,1 299,79,329,215,1 332,83,356,213,1 357,86,383,212,1 388,78,416,212,1 418,92,451,212,1 447,83,480,212,1 478,75,500,209,1 507,74,533,209,1 535,78,569,208,1 566,81,592,217,1
images/220px_Mascara_de_pestañas.jpg 66,21,111,272,0 41,82,65,214,1 70,85,95,214,1 88,70,117,214,1 117,89,137,213,1 138,76,166,215,1 163,58,195,210,1 188,84,221,212,1 218,90,245,213,1 246,101,270,213,1 272,85,298,214,1 299,79,329,215,1 332,83,356,213,1 357,86,383,212,1 388,78,416,212,1 418,92,451,212,1 447,83,480,212,1 478,75,500,209,1 507,74,533,209,1 535,78,569,208,1 566,81,592,217,1
images/311fb9f4_0f3f_4d77_9afb_d7cdbcf861bb_1.940a6f55ca5349bf4ae66e3ce19e41da.jpeg 159,121,213,405,0 41,82,65,214,1 70,85,95,214,1 88,70,117,214,1 117,89,137,213,1 138,76,166,215,1 163,58,195,210,1 188,84,221,212,1 218,90,245,213,1 246,101,270,213,1 272,85,298,214,1 299,79,329,215,1 332,83,356,213,1 357,86,383,212,1 388,78,416,212,1 418,92,451,212,1 447,83,480,212,1 478,75,500,209,1 507,74,533,209,1 535,78,569,208,1 566,81,592,217,1
images/394.jpg 333,53,467,747,0 41,82,65,214,1 70,85,95,214,1 88,70,117,214,1 117,89,137,213,1 138,76,166,215,1 163,58,195,210,1 188,84,221,212,1 218,90,245,213,1 246,101,270,213,1 272,85,298,214,1 299,79,329,215,1 332,83,356,213,1 357,86,383,212,1 388,78,416,212,1 418,92,451,212,1 447,83,480,212,1 478,75,500,209,1 507,74,533,209,1 535,78,569,208,1 566,81,592,217,1
images/712UYq87ufL._SY355_.jpg 184,73,256,354,0 41,82,65,214,1 70,85,95,214,1 88,70,117,214,1 117,89,137,213,1 138,76,166,215,1 163,58,195,210,1 188,84,221,212,1 218,90,245,213,1 246,101,270,213,1 272,85,298,214,1 299,79,329,215,1 332,83,356,213,1 357,86,383,212,1 388,78,416,212,1 418,92,451,212,1 447,83,480,212,1 478,75,500,209,1 507,74,533,209,1 535,78,569,208,1 566,81,592,217,1
images/789_tarteist_lash_paint_mascara_black_TARTEIST_main_img_MAIN.jpg 261,212,340,604,0 41,82,65,214,1 70,85,95,214,1 88,70,117,214,1 117,89,137,213,1 138,76,166,215,1 163,58,195,210,1 188,84,221,212,1 218,90,245,213,1 246,101,270,213,1 272,85,298,214,1 299,79,329,215,1 332,83,356,213,1 357,86,383,212,1 388,78,416,212,1 418,92,451,212,1 447,83,480,212,1 478,75,500,209,1 507,74,533,209,1 535,78,569,208,1 566,81,592,217,1
images/1018_sensitivemascara_river.jpg 293,34,403,746,0 41,82,65,214,1 70,85,95,214,1 88,70,117,214,1 117,89,137,213,1 138,76,166,215,1 163,58,195,210,1 188,84,221,212,1 218,90,245,213,1 246,101,270,213,1 272,85,298,214,1 299,79,329,215,1 332,83,356,213,1 357,86,383,212,1 388,78,416,212,1 418,92,451,212,1 447,83,480,212,1 478,75,500,209,1 507,74,533,209,1 535,78,569,208,1 566,81,592,217,1
images/1196_How_To_Apply_Mascara_Like_A_Pro_ss.jpg 246,15,378,599,1
images/2016_08_26_2004.png 59,192,315,355,0 429,300,505,440,0 602,65,639,235,0 41,82,65,214,1  70,85,95,214,1  88,70,117,214,1 117,89,137,213,1 138,76,166,215,1 163,58,195,210,1 188,84,221,212,1 218,90,245,213,1 246,101,270,213,1 272,85,298,214,1 299,79,329,215,1 332,83,356,213,1 357,86,383,212,1 388,78,416,212,1 418,92,451,212,1 447,83,480,212,1 478,75,500,209,1 507,74,533,209,1 535,78,569,208,1 566,81,592,217,1
images/2018_c18_flutter_tool_mobile_03_1.jpg 340,111,445,656,0 41,82,65,214,1 70,85,95,214,1 88,70,117,214,1 117,89,137,213,1 138,76,166,215,1 163,58,195,210,1 188,84,221,212,1 218,90,245,213,1 246,101,270,213,1 272,85,298,214,1 299,79,329,215,1 332,83,356,213,1 357,86,383,212,1 388,78,416,212,1 418,92,451,212,1 447,83,480,212,1 478,75,500,209,1 507,74,533,209,1 535,78,569,208,1 566,81,592,217,1
images/2104_A0113878_sRGB300.jpg 285,110,335,443,0 136,205,167,407,0 41,82,65,214,1  70,85,95,214,1 88,70,117,214,1 117,89,137,213,1 138,76,166,215,1 163,58,195,210,1 188,84,221,212,1 218,90,245,213,1 246,101,270,213,1 272,85,298,214,1 299,79,329,215,1 332,83,356,213,1 357,86,383,212,1 388,78,416,212,1 418,92,451,212,1 447,83,480,212,1 478,75,500,209,1 507,74,533,209,1 535,78,569,208,1 566,81,592,217,1
images/6915.Jpg 124,108,198,421,0 41,82,65,214,1 70,85,95,214,1 88,70,117,214,1 117,89,137,213,1 138,76,166,215,1 163,58,195,210,1 188,84,221,212,1 218,90,245,213,1 246,101,270,213,1 272,85,298,214,1 299,79,329,215,1 332,83,356,213,1 357,86,383,212,1 388,78,416,212,1 418,92,451,212,1 447,83,480,212,1 478,75,500,209,1 507,74,533,209,1 535,78,569,208,1 566,81,592,217,1
images/21663_SILO.jpg 284,42,336,241,0 284,264,341,462,0 41,82,65,214,1  70,85,95,214,1 88,70,117,214,1 117,89,137,213,1 138,76,166,215,1 163,58,195,210,1 188,84,221,212,1 218,90,245,213,1 246,101,270,213,1 272,85,298,214,1 299,79,329,215,1 332,83,356,213,1 357,86,383,212,1 388,78,416,212,1 418,92,451,212,1 447,83,480,212,1 478,75,500,209,1 507,74,533,209,1 535,78,569,208,1 566,81,592,217,1
images/31240_xlarge.jpg 246,15,378,599,1
images/34207_xlarge.jpg 138,3,191,326,0 41,82,65,214,1 70,85,95,214,1 88,70,117,214,1 117,89,137,213,1 138,76,166,215,1 163,58,195,210,1 188,84,221,212,1 218,90,245,213,1 246,101,270,213,1 272,85,298,214,1 299,79,329,215,1 332,83,356,213,1 357,86,383,212,1 388,78,416,212,1 418,92,451,212,1 447,83,480,212,1 478,75,500,209,1 507,74,533,209,1 535,78,569,208,1 566,81,592,217,1
images/38113_xlarge.jpg 139,7,190,323,0 41,82,65,214,1 70,85,95,214,1 88,70,117,214,1 117,89,137,213,1 138,76,166,215,1 163,58,195,210,1 188,84,221,212,1 218,90,245,213,1 246,101,270,213,1 272,85,298,214,1 299,79,329,215,1 332,83,356,213,1 357,86,383,212,1 388,78,416,212,1 418,92,451,212,1 447,83,480,212,1 478,75,500,209,1 507,74,533,209,1 535,78,569,208,1 566,81,592,217,1
images/60833.jpg 205,107,255,344,0 41,82,65,214,1 70,85,95,214,1 88,70,117,214,1 117,89,137,213,1 138,76,166,215,1 163,58,195,210,1 188,84,221,212,1 218,90,245,213,1 246,101,270,213,1 272,85,298,214,1 299,79,329,215,1 332,83,356,213,1 357,86,383,212,1 388,78,416,212,1 418,92,451,212,1 447,83,480,212,1 478,75,500,209,1 507,74,533,209,1 535,78,569,208,1 566,81,592,217,1
images/66111_343.jpg 212,0,499,443,0 41,82,65,214,1 70,85,95,214,1 88,70,117,214,1 117,89,137,213,1 138,76,166,215,1 163,58,195,210,1 188,84,221,212,1 218,90,245,213,1 246,101,270,213,1 272,85,298,214,1 299,79,329,215,1 332,83,356,213,1 357,86,383,212,1 388,78,416,212,1 418,92,451,212,1 447,83,480,212,1 478,75,500,209,1 507,74,533,209,1 535,78,569,208,1 566,81,592,217,1
images/74340.jpg 125,96,190,396,0 41,82,65,214,1 70,85,95,214,1 88,70,117,214,1 117,89,137,213,1 138,76,166,215,1 163,58,195,210,1 188,84,221,212,1 218,90,245,213,1 246,101,270,213,1 272,85,298,214,1 299,79,329,215,1 332,83,356,213,1 357,86,383,212,1 388,78,416,212,1 418,92,451,212,1 447,83,480,212,1 478,75,500,209,1 507,74,533,209,1 535,78,569,208,1 566,81,592,217,1
images/77189.jpg 135,107,187,396,0 41,82,65,214,1 70,85,95,214,1 88,70,117,214,1 117,89,137,213,1 138,76,166,215,1 163,58,195,210,1 188,84,221,212,1 218,90,245,213,1 246,101,270,213,1 272,85,298,214,1 299,79,329,215,1 332,83,356,213,1 357,86,383,212,1 388,78,416,212,1 418,92,451,212,1 447,83,480,212,1 478,75,500,209,1 507,74,533,209,1 535,78,569,208,1 566,81,592,217,1
images/80029_1.png 225,1,299,499,0 41,82,65,214,1 70,85,95,214,1 88,70,117,214,1 117,89,137,213,1 138,76,166,215,1 163,58,195,210,1 188,84,221,212,1 218,90,245,213,1 246,101,270,213,1 272,85,298,214,1 299,79,329,215,1 332,83,356,213,1 357,86,383,212,1 388,78,416,212,1 418,92,451,212,1 447,83,480,212,1 478,75,500,209,1 507,74,533,209,1 535,78,569,208,1 566,81,592,217,1
images/84815f45_ca0e_459c_8b77_1b6571bf6e4e_1.a83aae68bf3c91f0ace8b4af36bdb7f4.jpeg_03db186661ef5f1c764446ebb314f989d765ec26_optim_450x450.jpg 155,1,220,448,0 41,82,65,214,1 70,85,95,214,1 88,70,117,214,1 117,89,137,213,1 138,76,166,215,1 163,58,195,210,1 188,84,221,212,1 218,90,245,213,1 246,101,270,213,1 272,85,298,214,1 299,79,329,215,1 332,83,356,213,1 357,86,383,212,1 388,78,416,212,1 418,92,451,212,1 447,83,480,212,1 478,75,500,209,1 507,74,533,209,1 535,78,569,208,1 566,81,592,217,1
images/137706a1.jpg 134,8,202,425,0 205,101,268,426,0 41,82,65,214,1  70,85,95,214,1 88,70,117,214,1 117,89,137,213,1 138,76,166,215,1 163,58,195,210,1 188,84,221,212,1 218,90,245,213,1 246,101,270,213,1 272,85,298,214,1 299,79,329,215,1 332,83,356,213,1 357,86,383,212,1 388,78,416,212,1 418,92,451,212,1 447,83,480,212,1 478,75,500,209,1 507,74,533,209,1 535,78,569,208,1 566,81,592,217,1
images/180102_FIXER(17).jpg 216,111,318,832,0 216,1063,321,1781,0 41,82,65,214,1  70,85,95,214,1 88,70,117,214,1 117,89,137,213,1 138,76,166,215,1 163,58,195,210,1 188,84,221,212,1 218,90,245,213,1 246,101,270,213,1 272,85,298,214,1 299,79,329,215,1 332,83,356,213,1 357,86,383,212,1 388,78,416,212,1 418,92,451,212,1 447,83,480,212,1 478,75,500,209,1 507,74,533,209,1 535,78,569,208,1 566,81,592,217,1
images/217386.jpg 199,21,261,437,0 41,82,65,214,1 70,85,95,214,1 88,70,117,214,1 117,89,137,213,1 138,76,166,215,1 163,58,195,210,1 188,84,221,212,1 218,90,245,213,1 246,101,270,213,1 272,85,298,214,1 299,79,329,215,1 332,83,356,213,1 357,86,383,212,1 388,78,416,212,1 418,92,451,212,1 447,83,480,212,1 478,75,500,209,1 507,74,533,209,1 535,78,569,208,1 566,81,592,217,1
images/00659301_zzz.jpg 204,2,343,692,0 41,82,65,214,1 70,85,95,214,1 88,70,117,214,1 117,89,137,213,1 138,76,166,215,1 163,58,195,210,1 188,84,221,212,1 218,90,245,213,1 246,101,270,213,1 272,85,298,214,1 299,79,329,215,1 332,83,356,213,1 357,86,383,212,1 388,78,416,212,1 418,92,451,212,1 447,83,480,212,1 478,75,500,209,1 507,74,533,209,1 535,78,569,208,1 566,81,592,217,1
images/2231443.jpg 0,205,161,797,0 41,82,65,214,1 70,85,95,214,1 88,70,117,214,1 117,89,137,213,1 138,76,166,215,1 163,58,195,210,1 188,84,221,212,1 218,90,245,213,1 246,101,270,213,1 272,85,298,214,1 299,79,329,215,1 332,83,356,213,1 357,86,383,212,1 388,78,416,212,1 418,92,451,212,1 447,83,480,212,1 478,75,500,209,1 507,74,533,209,1 535,78,569,208,1 566,81,592,217,1
images/2282877.jpg 4,3,148,799,0 41,82,65,214,1 70,85,95,214,1 88,70,117,214,1 117,89,137,213,1 138,76,166,215,1 163,58,195,210,1 188,84,221,212,1 218,90,245,213,1 246,101,270,213,1 272,85,298,214,1 299,79,329,215,1 332,83,356,213,1 357,86,383,212,1 388,78,416,212,1 418,92,451,212,1 447,83,480,212,1 478,75,500,209,1 507,74,533,209,1 535,78,569,208,1 566,81,592,217,1
images/2519484.jpg 209,239,352,800,0 41,82,65,214,1 70,85,95,214,1 88,70,117,214,1 117,89,137,213,1 138,76,166,215,1 163,58,195,210,1 188,84,221,212,1 218,90,245,213,1 246,101,270,213,1 272,85,298,214,1 299,79,329,215,1 332,83,356,213,1 357,86,383,212,1 388,78,416,212,1 418,92,451,212,1 447,83,480,212,1 478,75,500,209,1 507,74,533,209,1 535,78,569,208,1 566,81,592,217,1
images/8054010T100.jpg 430,125,598,845,0 41,82,65,214,1 70,85,95,214,1 88,70,117,214,1 117,89,137,213,1 138,76,166,215,1 163,58,195,210,1 188,84,221,212,1 218,90,245,213,1 246,101,270,213,1 272,85,298,214,1 299,79,329,215,1 332,83,356,213,1 357,86,383,212,1 388,78,416,212,1 418,92,451,212,1 447,83,480,212,1 478,75,500,209,1 507,74,533,209,1 535,78,569,208,1 566,81,592,217,1
images/10259820.jpg 267,12,421,516,0 41,82,65,214,1 70,85,95,214,1 88,70,117,214,1 117,89,137,213,1 138,76,166,215,1 163,58,195,210,1 188,84,221,212,1 218,90,245,213,1 246,101,270,213,1 272,85,298,214,1 299,79,329,215,1 332,83,356,213,1 357,86,383,212,1 388,78,416,212,1 418,92,451,212,1 447,83,480,212,1 478,75,500,209,1 507,74,533,209,1 535,78,569,208,1 566,81,592,217,1
images/11144226_1384328982895392.jpg 483,197,612,942,0 41,82,65,214,1 70,85,95,214,1 88,70,117,214,1 117,89,137,213,1 138,76,166,215,1 163,58,195,210,1 188,84,221,212,1 218,90,245,213,1 246,101,270,213,1 272,85,298,214,1 299,79,329,215,1 332,83,356,213,1 357,86,383,212,1 388,78,416,212,1 418,92,451,212,1 447,83,480,212,1 478,75,500,209,1 507,74,533,209,1 535,78,569,208,1 566,81,592,217,1
images/11318075_5874570344836106.jpg 702,235,1022,1396,0 41,82,65,214,1 70,85,95,214,1 88,70,117,214,1 117,89,137,213,1 138,76,166,215,1 163,58,195,210,1 188,84,221,212,1 218,90,245,213,1 246,101,270,213,1 272,85,298,214,1 299,79,329,215,1 332,83,356,213,1 357,86,383,212,1 388,78,416,212,1 418,92,451,212,1 447,83,480,212,1 478,75,500,209,1 507,74,533,209,1 535,78,569,208,1 566,81,592,217,1
images/11318077_2054570345047501.jpg 658,237,978,1406,0 41,82,65,214,1 70,85,95,214,1 88,70,117,214,1 117,89,137,213,1 138,76,166,215,1 163,58,195,210,1 188,84,221,212,1 218,90,245,213,1 246,101,270,213,1 272,85,298,214,1 299,79,329,215,1 332,83,356,213,1 357,86,383,212,1 388,78,416,212,1 418,92,451,212,1 447,83,480,212,1 478,75,500,209,1 507,74,533,209,1 535,78,569,208,1 566,81,592,217,1
images/11653526_1154570349583852.jpg 756,196,1091,1360,0 41,82,65,214,1 70,85,95,214,1 88,70,117,214,1 117,89,137,213,1 138,76,166,215,1 163,58,195,210,1 188,84,221,212,1 218,90,245,213,1 246,101,270,213,1 272,85,298,214,1 299,79,329,215,1 332,83,356,213,1 357,86,383,212,1 388,78,416,212,1 418,92,451,212,1 447,83,480,212,1 478,75,500,209,1 507,74,533,209,1 535,78,569,208,1 566,81,592,217,1
images/11750910_9414577371431501.jpg 764,279,1094,1445,0 41,82,65,214,1 70,85,95,214,1 88,70,117,214,1 117,89,137,213,1 138,76,166,215,1 163,58,195,210,1 188,84,221,212,1 218,90,245,213,1 246,101,270,213,1 272,85,298,214,1 299,79,329,215,1 332,83,356,213,1 357,86,383,212,1 388,78,416,212,1 418,92,451,212,1 447,83,480,212,1 478,75,500,209,1 507,74,533,209,1 535,78,569,208,1 566,81,592,217,1
images/30074576_1.jpg 403,30,559,765,0 41,82,65,214,1 70,85,95,214,1 88,70,117,214,1 117,89,137,213,1 138,76,166,215,1 163,58,195,210,1 188,84,221,212,1 218,90,245,213,1 246,101,270,213,1 272,85,298,214,1 299,79,329,215,1 332,83,356,213,1 357,86,383,212,1 388,78,416,212,1 418,92,451,212,1 447,83,480,212,1 478,75,500,209,1 507,74,533,209,1 535,78,569,208,1 566,81,592,217,1
images/1487008490_mascara.jpg 968,227,1999,638,0 41,82,65,214,1 70,85,95,214,1 88,70,117,214,1 117,89,137,213,1 138,76,166,215,1 163,58,195,210,1 188,84,221,212,1 218,90,245,213,1 246,101,270,213,1 272,85,298,214,1 299,79,329,215,1 332,83,356,213,1 357,86,383,212,1 388,78,416,212,1 418,92,451,212,1 447,83,480,212,1 478,75,500,209,1 507,74,533,209,1 535,78,569,208,1 566,81,592,217,1
images/1527873923_elle_waterproof_mascara_loreal_1527873914.jpg 219,289,382,1114,0 41,82,65,214,1 70,85,95,214,1 88,70,117,214,1 117,89,137,213,1 138,76,166,215,1 163,58,195,210,1 188,84,221,212,1 218,90,245,213,1 246,101,270,213,1 272,85,298,214,1 299,79,329,215,1 332,83,356,213,1 357,86,383,212,1 388,78,416,212,1 418,92,451,212,1 447,83,480,212,1 478,75,500,209,1 507,74,533,209,1 535,78,569,208,1 566,81,592,217,1
images/1539805682_dior_1539805659.png 258,108,401,1061,0 41,82,65,214,1 70,85,95,214,1 88,70,117,214,1 117,89,137,213,1 138,76,166,215,1 163,58,195,210,1 188,84,221,212,1 218,90,245,213,1 246,101,270,213,1 272,85,298,214,1 299,79,329,215,1 332,83,356,213,1 357,86,383,212,1 388,78,416,212,1 418,92,451,212,1 447,83,480,212,1 478,75,500,209,1 507,74,533,209,1 535,78,569,208,1 566,81,592,217,1
images/99240012991_1.jpg 355,55,453,744,0 41,82,65,214,1 70,85,95,214,1 88,70,117,214,1 117,89,137,213,1 138,76,166,215,1 163,58,195,210,1 188,84,221,212,1 218,90,245,213,1 246,101,270,213,1 272,85,298,214,1 299,79,329,215,1 332,83,356,213,1 357,86,383,212,1 388,78,416,212,1 418,92,451,212,1 447,83,480,212,1 478,75,500,209,1 507,74,533,209,1 535,78,569,208,1 566,81,592,217,1
images/99240012991_3.jpg 258,54,355,746,0 41,82,65,214,1 70,85,95,214,1 88,70,117,214,1 117,89,137,213,1 138,76,166,215,1 163,58,195,210,1 188,84,221,212,1 218,90,245,213,1 246,101,270,213,1 272,85,298,214,1 299,79,329,215,1 332,83,356,213,1 357,86,383,212,1 388,78,416,212,1 418,92,451,212,1 447,83,480,212,1 478,75,500,209,1 507,74,533,209,1 535,78,569,208,1 566,81,592,217,1
images/0729238135253_A1.jpg 771,426,990,1820,0 41,82,65,214,1 70,85,95,214,1 88,70,117,214,1 117,89,137,213,1 138,76,166,215,1 163,58,195,210,1 188,84,221,212,1 218,90,245,213,1 246,101,270,213,1 272,85,298,214,1 299,79,329,215,1 332,83,356,213,1 357,86,383,212,1 388,78,416,212,1 418,92,451,212,1 447,83,480,212,1 478,75,500,209,1 507,74,533,209,1 535,78,569,208,1 566,81,592,217,1
images/800897140250_worththehypevolumizingmascara_main.jpg 206,155,296,581,0 41,82,65,214,1 70,85,95,214,1 88,70,117,214,1 117,89,137,213,1 138,76,166,215,1 163,58,195,210,1 188,84,221,212,1 218,90,245,213,1 246,101,270,213,1 272,85,298,214,1 299,79,329,215,1 332,83,356,213,1 357,86,383,212,1 388,78,416,212,1 418,92,451,212,1 447,83,480,212,1 478,75,500,209,1 507,74,533,209,1 535,78,569,208,1 566,81,592,217,1
images/3600522833161_false_lash_superstar_mascara_i1.png 403,111,492,723,0 41,82,65,214,1 70,85,95,214,1 88,70,117,214,1 117,89,137,213,1 138,76,166,215,1 163,58,195,210,1 188,84,221,212,1 218,90,245,213,1 246,101,270,213,1 272,85,298,214,1 299,79,329,215,1 332,83,356,213,1 357,86,383,212,1 388,78,416,212,1 418,92,451,212,1 447,83,480,212,1 478,75,500,209,1 507,74,533,209,1 535,78,569,208,1 566,81,592,217,1
images/3605971514333_doubleteam_mascara_vice.jpg 246,15,378,599,1
images/3614271774712_SWATCH1_MonsieurMrBg_Waterproof_BLACK_1000x1000.jpg 246,15,378,599,1
images/3614272039209_mascara_volume_effet_faux_cils_the_curler_rebellious_black.jpg 316,82,414,764,0 41,82,65,214,1 70,85,95,214,1 88,70,117,214,1 117,89,137,213,1 138,76,166,215,1 163,58,195,210,1 188,84,221,212,1 218,90,245,213,1 246,101,270,213,1 272,85,298,214,1 299,79,329,215,1 332,83,356,213,1 357,86,383,212,1 388,78,416,212,1 418,92,451,212,1 447,83,480,212,1 478,75,500,209,1 507,74,533,209,1 535,78,569,208,1 566,81,592,217,1
images/4935421374675_ULTIMATE NATURAL MASCARA BLACK_1.jpg 260,76,342,635,0 41,82,65,214,1 70,85,95,214,1 88,70,117,214,1 117,89,137,213,1 138,76,166,215,1 163,58,195,210,1 188,84,221,212,1 218,90,245,213,1 246,101,270,213,1 272,85,298,214,1 299,79,329,215,1 332,83,356,213,1 357,86,383,212,1 388,78,416,212,1 418,92,451,212,1 447,83,480,212,1 478,75,500,209,1 507,74,533,209,1 535,78,569,208,1 566,81,592,217,1
images/AOA_3012_AOA_3013_DETAIL.jpg 246,15,378,599,1
images/apply_mascara_today_170130_tease_bf79b374806efd5ea260b041a0cbee8d.jpg 246,15,378,599,1
images/badgal_bang_mascara_swatch.png 246,15,378,599,1
images/banner_mascaras_main_page.jpg 67,20,137,427,0 1,5,55,421,0 152,33,214,426,0 232,2,284,427,0 306,31,373,427,0 394,31,461,423,0 481,2,530,427,0 550,38,615,424,0 637,6,698,423,0 717,35,769,422,0 783,10,842,420,0 985,30,1063,430,0 1078,29,1141,441,0 1154,78,1225,459,0 1235,36,1299,457,0 41,82,65,214,1  70,85,95,214,1  88,70,117,214,1  117,89,137,213,1  138,76,166,215,1  163,58,195,210,1  188,84,221,212,1  218,90,245,213,1  246,101,270,213,1  272,85,298,214,1  299,79,329,215,1  332,83,356,213,1  357,86,383,212,1  388,78,416,212,1  418,92,451,212,1 447,83,480,212,1 478,75,500,209,1 507,74,533,209,1 535,78,569,208,1 566,81,592,217,1
images/bb9fb6ea_e70b_4228_823b_f88cea2bbaf11547190495097_Colorbar_Lash_Illusion_Mascara_Duo__Black_MesmerEyes_Kajal_S_1.jpg 341,708,480,1173,0 41,82,65,214,1 70,85,95,214,1 88,70,117,214,1 117,89,137,213,1 138,76,166,215,1 163,58,195,210,1 188,84,221,212,1 218,90,245,213,1 246,101,270,213,1 272,85,298,214,1 299,79,329,215,1 332,83,356,213,1 357,86,383,212,1 388,78,416,212,1 418,92,451,212,1 447,83,480,212,1 478,75,500,209,1 507,74,533,209,1 535,78,569,208,1 566,81,592,217,1
images/beauty_accessory_4d_silk_fiber_eyelash_mascara_1_1024x1024.jpg 387,44,526,754,0 657,289,787,757,0 41,82,65,214,1  70,85,95,214,1 88,70,117,214,1 117,89,137,213,1 138,76,166,215,1 163,58,195,210,1 188,84,221,212,1 218,90,245,213,1 246,101,270,213,1 272,85,298,214,1 299,79,329,215,1 332,83,356,213,1 357,86,383,212,1 388,78,416,212,1 418,92,451,212,1 447,83,480,212,1 478,75,500,209,1 507,74,533,209,1 535,78,569,208,1 566,81,592,217,1
images/beauty_for_real_hi_def_mascara_duo_d_201709201052165_575351.jpg 17,70,50,199,0 124,72,153,204,0 41,82,65,214,1  70,85,95,214,1 88,70,117,214,1 117,89,137,213,1 138,76,166,215,1 163,58,195,210,1 188,84,221,212,1 218,90,245,213,1 246,101,270,213,1 272,85,298,214,1 299,79,329,215,1 332,83,356,213,1 357,86,383,212,1 388,78,416,212,1 418,92,451,212,1 447,83,480,212,1 478,75,500,209,1 507,74,533,209,1 535,78,569,208,1 566,81,592,217,1
images/benecos_natural_vegan_mascara_volume_magic_black_719708_en.jpg 470,120,603,624,0 41,82,65,214,1 70,85,95,214,1 88,70,117,214,1 117,89,137,213,1 138,76,166,215,1 163,58,195,210,1 188,84,221,212,1 218,90,245,213,1 246,101,270,213,1 272,85,298,214,1 299,79,329,215,1 332,83,356,213,1 357,86,383,212,1 388,78,416,212,1 418,92,451,212,1 447,83,480,212,1 478,75,500,209,1 507,74,533,209,1 535,78,569,208,1 566,81,592,217,1
images/benefit__glamour_3sec15_pr_b.jpg 618,168,891,1570,0 41,82,65,214,1 70,85,95,214,1 88,70,117,214,1 117,89,137,213,1 138,76,166,215,1 163,58,195,210,1 188,84,221,212,1 218,90,245,213,1 246,101,270,213,1 272,85,298,214,1 299,79,329,215,1 332,83,356,213,1 357,86,383,212,1 388,78,416,212,1 418,92,451,212,1 447,83,480,212,1 478,75,500,209,1 507,74,533,209,1 535,78,569,208,1 566,81,592,217,1
images/Best_Mascaras_for_women_makeup_eyes.jpg 6,18,53,241,0 35,251,92,442,0 141,67,188,257,0 260,84,311,266,0 384,70,427,267,0 489,219,534,447,0 675,217,718,447,0 189,358,353,431,0 284,364,433,440,0 41,82,65,214,1  70,85,95,214,1  88,70,117,214,1  117,89,137,213,1  138,76,166,215,1  163,58,195,210,1  188,84,221,212,1  218,90,245,213,1  246,101,270,213,1 272,85,298,214,1 299,79,329,215,1 332,83,356,213,1 357,86,383,212,1 388,78,416,212,1 418,92,451,212,1 447,83,480,212,1 478,75,500,209,1 507,74,533,209,1 535,78,569,208,1 566,81,592,217,1
images/Black_Natural_Definition_Mascara_Alima_Pure_ba040e9e_cb2e_4b5f_b139_d67c44b3853b_1024x1024.jpg 233,173,312,535,0 41,82,65,214,1 70,85,95,214,1 88,70,117,214,1 117,89,137,213,1 138,76,166,215,1 163,58,195,210,1 188,84,221,212,1 218,90,245,213,1 246,101,270,213,1 272,85,298,214,1 299,79,329,215,1 332,83,356,213,1 357,86,383,212,1 388,78,416,212,1 418,92,451,212,1 447,83,480,212,1 478,75,500,209,1 507,74,533,209,1 535,78,569,208,1 566,81,592,217,1
images/blinc_mascara_ribbon.jpg 346,465,567,1589,0 41,82,65,214,1 70,85,95,214,1 88,70,117,214,1 117,89,137,213,1 138,76,166,215,1 163,58,195,210,1 188,84,221,212,1 218,90,245,213,1 246,101,270,213,1 272,85,298,214,1 299,79,329,215,1 332,83,356,213,1 357,86,383,212,1 388,78,416,212,1 418,92,451,212,1 447,83,480,212,1 478,75,500,209,1 507,74,533,209,1 535,78,569,208,1 566,81,592,217,1
images/bobbi.jpg 513,238,629,698,0 41,82,65,214,1 70,85,95,214,1 88,70,117,214,1 117,89,137,213,1 138,76,166,215,1 163,58,195,210,1 188,84,221,212,1 218,90,245,213,1 246,101,270,213,1 272,85,298,214,1 299,79,329,215,1 332,83,356,213,1 357,86,383,212,1 388,78,416,212,1 418,92,451,212,1 447,83,480,212,1 478,75,500,209,1 507,74,533,209,1 535,78,569,208,1 566,81,592,217,1
images/c148a_1_1.png 194,152,340,653,0 41,82,65,214,1 70,85,95,214,1 88,70,117,214,1 117,89,137,213,1 138,76,166,215,1 163,58,195,210,1 188,84,221,212,1 218,90,245,213,1 246,101,270,213,1 272,85,298,214,1 299,79,329,215,1 332,83,356,213,1 357,86,383,212,1 388,78,416,212,1 418,92,451,212,1 447,83,480,212,1 478,75,500,209,1 507,74,533,209,1 535,78,569,208,1 566,81,592,217,1
images/Chubby_Lash_Fattening_Mascara_glamour_3sec15_pr_b.jpg 897,360,1199,1605,0 41,82,65,214,1 70,85,95,214,1 88,70,117,214,1 117,89,137,213,1 138,76,166,215,1 163,58,195,210,1 188,84,221,212,1 218,90,245,213,1 246,101,270,213,1 272,85,298,214,1 299,79,329,215,1 332,83,356,213,1 357,86,383,212,1 388,78,416,212,1 418,92,451,212,1 447,83,480,212,1 478,75,500,209,1 507,74,533,209,1 535,78,569,208,1 566,81,592,217,1
images/clearmascara_1505872060.jpg 213,289,348,850,0 863,294,992,860,0 1661,292,1779,863,0 41,82,65,214,1  70,85,95,214,1  88,70,117,214,1 117,89,137,213,1 138,76,166,215,1 163,58,195,210,1 188,84,221,212,1 218,90,245,213,1 246,101,270,213,1 272,85,298,214,1 299,79,329,215,1 332,83,356,213,1 357,86,383,212,1 388,78,416,212,1 418,92,451,212,1 447,83,480,212,1 478,75,500,209,1 507,74,533,209,1 535,78,569,208,1 566,81,592,217,1
images/collab_the_works_wow_effect_all_in_one_mascara_extremeblack_closeup.png 246,15,378,599,1
images/Colourpop BFF lead.jpeg 1738,430,1980,1504,0 5,5,1144,470,0 41,82,65,214,1  70,85,95,214,1 88,70,117,214,1 117,89,137,213,1 138,76,166,215,1 163,58,195,210,1 188,84,221,212,1 218,90,245,213,1 246,101,270,213,1 272,85,298,214,1 299,79,329,215,1 332,83,356,213,1 357,86,383,212,1 388,78,416,212,1 418,92,451,212,1 447,83,480,212,1 478,75,500,209,1 507,74,533,209,1 535,78,569,208,1 566,81,592,217,1
images/COS_806_MAIN_large.jpg 169,180,232,434,0 41,82,65,214,1 70,85,95,214,1 88,70,117,214,1 117,89,137,213,1 138,76,166,215,1 163,58,195,210,1 188,84,221,212,1 218,90,245,213,1 246,101,270,213,1 272,85,298,214,1 299,79,329,215,1 332,83,356,213,1 357,86,383,212,1 388,78,416,212,1 418,92,451,212,1 447,83,480,212,1 478,75,500,209,1 507,74,533,209,1 535,78,569,208,1 566,81,592,217,1
images/cos30a_1_pack_shot.jpg 125,8,177,293,0 41,82,65,214,1 70,85,95,214,1 88,70,117,214,1 117,89,137,213,1 138,76,166,215,1 163,58,195,210,1 188,84,221,212,1 218,90,245,213,1 246,101,270,213,1 272,85,298,214,1 299,79,329,215,1 332,83,356,213,1 357,86,383,212,1 388,78,416,212,1 418,92,451,212,1 447,83,480,212,1 478,75,500,209,1 507,74,533,209,1 535,78,569,208,1 566,81,592,217,1
images/cos36a_1_pack_shot.jpg 126,8,173,296,0 41,82,65,214,1 70,85,95,214,1 88,70,117,214,1 117,89,137,213,1 138,76,166,215,1 163,58,195,210,1 188,84,221,212,1 218,90,245,213,1 246,101,270,213,1 272,85,298,214,1 299,79,329,215,1 332,83,356,213,1 357,86,383,212,1 388,78,416,212,1 418,92,451,212,1 447,83,480,212,1 478,75,500,209,1 507,74,533,209,1 535,78,569,208,1 566,81,592,217,1
images/cos46a_3.jpg 126,4,174,299,0 41,82,65,214,1 70,85,95,214,1 88,70,117,214,1 117,89,137,213,1 138,76,166,215,1 163,58,195,210,1 188,84,221,212,1 218,90,245,213,1 246,101,270,213,1 272,85,298,214,1 299,79,329,215,1 332,83,356,213,1 357,86,383,212,1 388,78,416,212,1 418,92,451,212,1 447,83,480,212,1 478,75,500,209,1 507,74,533,209,1 535,78,569,208,1 566,81,592,217,1
images/cp_bff_mascara_black.jpg 2,130,418,279,0 41,82,65,214,1 70,85,95,214,1 88,70,117,214,1 117,89,137,213,1 138,76,166,215,1 163,58,195,210,1 188,84,221,212,1 218,90,245,213,1 246,101,270,213,1 272,85,298,214,1 299,79,329,215,1 332,83,356,213,1 357,86,383,212,1 388,78,416,212,1 418,92,451,212,1 447,83,480,212,1 478,75,500,209,1 507,74,533,209,1 535,78,569,208,1 566,81,592,217,1
images/crunchi_web_product_mascara.png 215,90,281,579,0 41,82,65,214,1 70,85,95,214,1 88,70,117,214,1 117,89,137,213,1 138,76,166,215,1 163,58,195,210,1 188,84,221,212,1 218,90,245,213,1 246,101,270,213,1 272,85,298,214,1 299,79,329,215,1 332,83,356,213,1 357,86,383,212,1 388,78,416,212,1 418,92,451,212,1 447,83,480,212,1 478,75,500,209,1 507,74,533,209,1 535,78,569,208,1 566,81,592,217,1
images/DG30701_020118_ComplexGrid_BS_MascaraFebruary.jpg 105,60,165,294,0 351,145,424,541,0 208,353,263,596,0 468,9,536,265,0 751,314,819,600,0 906,145,950,418,0 41,82,65,214,1  70,85,95,214,1  88,70,117,214,1  117,89,137,213,1  138,76,166,215,1  163,58,195,210,1 188,84,221,212,1 218,90,245,213,1 246,101,270,213,1 272,85,298,214,1 299,79,329,215,1 332,83,356,213,1 357,86,383,212,1 388,78,416,212,1 418,92,451,212,1 447,83,480,212,1 478,75,500,209,1 507,74,533,209,1 535,78,569,208,1 566,81,592,217,1
images/Double_Fix_Mascara_C050301024_1.jpg 474,68,711,1342,0 41,82,65,214,1 70,85,95,214,1 88,70,117,214,1 117,89,137,213,1 138,76,166,215,1 163,58,195,210,1 188,84,221,212,1 218,90,245,213,1 246,101,270,213,1 272,85,298,214,1 299,79,329,215,1 332,83,356,213,1 357,86,383,212,1 388,78,416,212,1 418,92,451,212,1 447,83,480,212,1 478,75,500,209,1 507,74,533,209,1 535,78,569,208,1 566,81,592,217,1
images/doublestackedmascara_main.jpg 87,182,187,580,0 331,291,416,582,0 41,82,65,214,1  70,85,95,214,1 88,70,117,214,1 117,89,137,213,1 138,76,166,215,1 163,58,195,210,1 188,84,221,212,1 218,90,245,213,1 246,101,270,213,1 272,85,298,214,1 299,79,329,215,1 332,83,356,213,1 357,86,383,212,1 388,78,416,212,1 418,92,451,212,1 447,83,480,212,1 478,75,500,209,1 507,74,533,209,1 535,78,569,208,1 566,81,592,217,1
images/e8ea0180_3074_454d_a5ba_61bf7f05b676.jpg.w960.jpg 18,152,298,195,0 41,82,65,214,1 70,85,95,214,1 88,70,117,214,1 117,89,137,213,1 138,76,166,215,1 163,58,195,210,1 188,84,221,212,1 218,90,245,213,1 246,101,270,213,1 272,85,298,214,1 299,79,329,215,1 332,83,356,213,1 357,86,383,212,1 388,78,416,212,1 418,92,451,212,1 447,83,480,212,1 478,75,500,209,1 507,74,533,209,1 535,78,569,208,1 566,81,592,217,1
images/ead63c06670f4a9f3fcd8b170b20d5851dab9814.jpg 520,561,1031,1654,0 41,82,65,214,1 70,85,95,214,1 88,70,117,214,1 117,89,137,213,1 138,76,166,215,1 163,58,195,210,1 188,84,221,212,1 218,90,245,213,1 246,101,270,213,1 272,85,298,214,1 299,79,329,215,1 332,83,356,213,1 357,86,383,212,1 388,78,416,212,1 418,92,451,212,1 447,83,480,212,1 478,75,500,209,1 507,74,533,209,1 535,78,569,208,1 566,81,592,217,1
images/elf_waterproof_lengthening_volumizing_mascara.jpg 201,72,1089,197,0 41,82,65,214,1 70,85,95,214,1 88,70,117,214,1 117,89,137,213,1 138,76,166,215,1 163,58,195,210,1 188,84,221,212,1 218,90,245,213,1 246,101,270,213,1 272,85,298,214,1 299,79,329,215,1 332,83,356,213,1 357,86,383,212,1 388,78,416,212,1 418,92,451,212,1 447,83,480,212,1 478,75,500,209,1 507,74,533,209,1 535,78,569,208,1 566,81,592,217,1
images/elle_beauty_mascara_0003_maybelline_lash_sensational2_1522067589.jpg 1075,775,1656,2901,0 41,82,65,214,1 70,85,95,214,1 88,70,117,214,1 117,89,137,213,1 138,76,166,215,1 163,58,195,210,1 188,84,221,212,1 218,90,245,213,1 246,101,270,213,1 272,85,298,214,1 299,79,329,215,1 332,83,356,213,1 357,86,383,212,1 388,78,416,212,1 418,92,451,212,1 447,83,480,212,1 478,75,500,209,1 507,74,533,209,1 535,78,569,208,1 566,81,592,217,1
images/endless_mascara.jpg 298,35,410,747,0 41,82,65,214,1 70,85,95,214,1 88,70,117,214,1 117,89,137,213,1 138,76,166,215,1 163,58,195,210,1 188,84,221,212,1 218,90,245,213,1 246,101,270,213,1 272,85,298,214,1 299,79,329,215,1 332,83,356,213,1 357,86,383,212,1 388,78,416,212,1 418,92,451,212,1 447,83,480,212,1 478,75,500,209,1 507,74,533,209,1 535,78,569,208,1 566,81,592,217,1
images/Essential_volume_mascara_6412600849714_open.jpg 143,103,201,405,0 41,82,65,214,1 70,85,95,214,1 88,70,117,214,1 117,89,137,213,1 138,76,166,215,1 163,58,195,210,1 188,84,221,212,1 218,90,245,213,1 246,101,270,213,1 272,85,298,214,1 299,79,329,215,1 332,83,356,213,1 357,86,383,212,1 388,78,416,212,1 418,92,451,212,1 447,83,480,212,1 478,75,500,209,1 507,74,533,209,1 535,78,569,208,1 566,81,592,217,1
images/EyelashIcing1024x1024.jpg 408,258,803,641,0 499,520,877,888,0 41,82,65,214,1  70,85,95,214,1 88,70,117,214,1 117,89,137,213,1 138,76,166,215,1 163,58,195,210,1 188,84,221,212,1 218,90,245,213,1 246,101,270,213,1 272,85,298,214,1 299,79,329,215,1 332,83,356,213,1 357,86,383,212,1 388,78,416,212,1 418,92,451,212,1 447,83,480,212,1 478,75,500,209,1 507,74,533,209,1 535,78,569,208,1 566,81,592,217,1
images/eyes_mascara_smaller.jpg 246,15,378,599,1
images/fibrelash_product.jpg 87,62,139,313,0 188,147,236,318,0 41,82,65,214,1  70,85,95,214,1 88,70,117,214,1 117,89,137,213,1 138,76,166,215,1 163,58,195,210,1 188,84,221,212,1 218,90,245,213,1 246,101,270,213,1 272,85,298,214,1 299,79,329,215,1 332,83,356,213,1 357,86,383,212,1 388,78,416,212,1 418,92,451,212,1 447,83,480,212,1 478,75,500,209,1 507,74,533,209,1 535,78,569,208,1 566,81,592,217,1
images/Finalists_for_Mascara.jpg 7,138,42,389,0 55,132,90,386,0 99,121,147,387,0 154,167,194,389,0 201,150,250,387,0 257,126,303,388,0 309,119,356,385,0 365,125,415,384,0 420,139,467,390,0 472,139,509,383,0 516,138,566,384,0 574,108,623,386,0 630,160,672,386,0 674,93,739,385,0 748,113,781,388,0 787,121,829,388,0 843,121,887,385,0 41,82,65,214,1  70,85,95,214,1  88,70,117,214,1  117,89,137,213,1  138,76,166,215,1  163,58,195,210,1  188,84,221,212,1  218,90,245,213,1  246,101,270,213,1  272,85,298,214,1  299,79,329,215,1  332,83,356,213,1  357,86,383,212,1  388,78,416,212,1  418,92,451,212,1  447,83,480,212,1  478,75,500,209,1 507,74,533,209,1 535,78,569,208,1 566,81,592,217,1
images/fullsizerender_2.1497415144.jpg 122,322,541,683,0 41,82,65,214,1 70,85,95,214,1 88,70,117,214,1 117,89,137,213,1 138,76,166,215,1 163,58,195,210,1 188,84,221,212,1 218,90,245,213,1 246,101,270,213,1 272,85,298,214,1 299,79,329,215,1 332,83,356,213,1 357,86,383,212,1 388,78,416,212,1 418,92,451,212,1 447,83,480,212,1 478,75,500,209,1 507,74,533,209,1 535,78,569,208,1 566,81,592,217,1
images/G_Black_WEB1.png 175,39,251,469,0 41,82,65,214,1 70,85,95,214,1 88,70,117,214,1 117,89,137,213,1 138,76,166,215,1 163,58,195,210,1 188,84,221,212,1 218,90,245,213,1 246,101,270,213,1 272,85,298,214,1 299,79,329,215,1 332,83,356,213,1 357,86,383,212,1 388,78,416,212,1 418,92,451,212,1 447,83,480,212,1 478,75,500,209,1 507,74,533,209,1 535,78,569,208,1 566,81,592,217,1
images/gettyimages_56660970_sf.jpg 246,15,378,599,1
images/glossier_lash_slick_mascara.jpg 447,257,556,814,0 41,82,65,214,1 70,85,95,214,1 88,70,117,214,1 117,89,137,213,1 138,76,166,215,1 163,58,195,210,1 188,84,221,212,1 218,90,245,213,1 246,101,270,213,1 272,85,298,214,1 299,79,329,215,1 332,83,356,213,1 357,86,383,212,1 388,78,416,212,1 418,92,451,212,1 447,83,480,212,1 478,75,500,209,1 507,74,533,209,1 535,78,569,208,1 566,81,592,217,1
images/GTY_mascara_ml_150901_16x9_992.jpg 246,15,378,599,1
images/GUEST_5ee9b74f_9fb6_466c_bb36_0686093fc8f1.jpg 113,12,198,478,0 41,82,65,214,1 70,85,95,214,1 88,70,117,214,1 117,89,137,213,1 138,76,166,215,1 163,58,195,210,1 188,84,221,212,1 218,90,245,213,1 246,101,270,213,1 272,85,298,214,1 299,79,329,215,1 332,83,356,213,1 357,86,383,212,1 388,78,416,212,1 418,92,451,212,1 447,83,480,212,1 478,75,500,209,1 507,74,533,209,1 535,78,569,208,1 566,81,592,217,1
images/GUEST_8a973073_93fe_4f67_a1c4_de8c10b65e64.jpg 196,6,291,486,0 41,82,65,214,1 70,85,95,214,1 88,70,117,214,1 117,89,137,213,1 138,76,166,215,1 163,58,195,210,1 188,84,221,212,1 218,90,245,213,1 246,101,270,213,1 272,85,298,214,1 299,79,329,215,1 332,83,356,213,1 357,86,383,212,1 388,78,416,212,1 418,92,451,212,1 447,83,480,212,1 478,75,500,209,1 507,74,533,209,1 535,78,569,208,1 566,81,592,217,1
images/GUEST_45e54e15_ed6f_4dc7_abc0_5ed5471a1544.jpg 229,256,290,446,0 41,82,65,214,1 70,85,95,214,1 88,70,117,214,1 117,89,137,213,1 138,76,166,215,1 163,58,195,210,1 188,84,221,212,1 218,90,245,213,1 246,101,270,213,1 272,85,298,214,1 299,79,329,215,1 332,83,356,213,1 357,86,383,212,1 388,78,416,212,1 418,92,451,212,1 447,83,480,212,1 478,75,500,209,1 507,74,533,209,1 535,78,569,208,1 566,81,592,217,1
images/GUEST_bb92498a_78f1_4cad_9711_9d2d41bb4e5c.jpg 176,36,320,459,0 41,82,65,214,1 70,85,95,214,1 88,70,117,214,1 117,89,137,213,1 138,76,166,215,1 163,58,195,210,1 188,84,221,212,1 218,90,245,213,1 246,101,270,213,1 272,85,298,214,1 299,79,329,215,1 332,83,356,213,1 357,86,383,212,1 388,78,416,212,1 418,92,451,212,1 447,83,480,212,1 478,75,500,209,1 507,74,533,209,1 535,78,569,208,1 566,81,592,217,1
images/GUEST_d3bcec83_5e07_463d_afd5_7b0b7cd8a6a1.jpg 246,15,378,599,1
images/GUEST_eb8f62eb_7f0e_4cd3_9d7a_3c19cc282c40.jpg 199,14,290,478,0 41,82,65,214,1 70,85,95,214,1 88,70,117,214,1 117,89,137,213,1 138,76,166,215,1 163,58,195,210,1 188,84,221,212,1 218,90,245,213,1 246,101,270,213,1 272,85,298,214,1 299,79,329,215,1 332,83,356,213,1 357,86,383,212,1 388,78,416,212,1 418,92,451,212,1 447,83,480,212,1 478,75,500,209,1 507,74,533,209,1 535,78,569,208,1 566,81,592,217,1
images/hbz_mascaras_index_new_1535125465.jpg 30,3,126,599,0 326,4,421,597,0 633,3,738,599,0 950,162,1069,594,0 41,82,65,214,1  70,85,95,214,1  88,70,117,214,1  117,89,137,213,1 138,76,166,215,1 163,58,195,210,1 188,84,221,212,1 218,90,245,213,1 246,101,270,213,1 272,85,298,214,1 299,79,329,215,1 332,83,356,213,1 357,86,383,212,1 388,78,416,212,1 418,92,451,212,1 447,83,480,212,1 478,75,500,209,1 507,74,533,209,1 535,78,569,208,1 566,81,592,217,1
images/HD_Product_masc__93021.1463674161.1280.1280.jpg 85,379,900,528,0 290,466,1099,764,0 41,82,65,214,1  70,85,95,214,1 88,70,117,214,1 117,89,137,213,1 138,76,166,215,1 163,58,195,210,1 188,84,221,212,1 218,90,245,213,1 246,101,270,213,1 272,85,298,214,1 299,79,329,215,1 332,83,356,213,1 357,86,383,212,1 388,78,416,212,1 418,92,451,212,1 447,83,480,212,1 478,75,500,209,1 507,74,533,209,1 535,78,569,208,1 566,81,592,217,1
images/HERO_MASCARA_SMOKY_STRETCH_v1.jpg 227,55,508,1210,0 41,82,65,214,1 70,85,95,214,1 88,70,117,214,1 117,89,137,213,1 138,76,166,215,1 163,58,195,210,1 188,84,221,212,1 218,90,245,213,1 246,101,270,213,1 272,85,298,214,1 299,79,329,215,1 332,83,356,213,1 357,86,383,212,1 388,78,416,212,1 418,92,451,212,1 447,83,480,212,1 478,75,500,209,1 507,74,533,209,1 535,78,569,208,1 566,81,592,217,1
images/HIRO_natural_vegan_organic_Mascara.jpg 293,687,1064,1625,0 41,82,65,214,1 70,85,95,214,1 88,70,117,214,1 117,89,137,213,1 138,76,166,215,1 163,58,195,210,1 188,84,221,212,1 218,90,245,213,1 246,101,270,213,1 272,85,298,214,1 299,79,329,215,1 332,83,356,213,1 357,86,383,212,1 388,78,416,212,1 418,92,451,212,1 447,83,480,212,1 478,75,500,209,1 507,74,533,209,1 535,78,569,208,1 566,81,592,217,1
images/horizon_2Fimages_additionnelles_2Fvue_alt_mascara_GHC.jpg 246,15,378,599,1
images/How_To_Get_Thicker_Lashes_With_Mascara.jpg 246,15,378,599,1
images/idun_minerals_mascara_eir_open_42832.png 247,198,347,642,0 41,82,65,214,1 70,85,95,214,1 88,70,117,214,1 117,89,137,213,1 138,76,166,215,1 163,58,195,210,1 188,84,221,212,1 218,90,245,213,1 246,101,270,213,1 272,85,298,214,1 299,79,329,215,1 332,83,356,213,1 357,86,383,212,1 388,78,416,212,1 418,92,451,212,1 447,83,480,212,1 478,75,500,209,1 507,74,533,209,1 535,78,569,208,1 566,81,592,217,1
images/idun_minerals_mascara_gull_open_compressed.png 238,175,348,677,0 41,82,65,214,1 70,85,95,214,1 88,70,117,214,1 117,89,137,213,1 138,76,166,215,1 163,58,195,210,1 188,84,221,212,1 218,90,245,213,1 246,101,270,213,1 272,85,298,214,1 299,79,329,215,1 332,83,356,213,1 357,86,383,212,1 388,78,416,212,1 418,92,451,212,1 447,83,480,212,1 478,75,500,209,1 507,74,533,209,1 535,78,569,208,1 566,81,592,217,1
images/image (1).jpg 89,13,166,405,0 255,189,316,407,0 419,91,500,401,0 593,1,663,403,0 613,607,670,819,0 447,430,520,816,0 273,425,338,819,0 94,507,180,819,0 41,82,65,214,1  70,85,95,214,1  88,70,117,214,1  117,89,137,213,1  138,76,166,215,1  163,58,195,210,1  188,84,221,212,1  218,90,245,213,1 246,101,270,213,1 272,85,298,214,1 299,79,329,215,1 332,83,356,213,1 357,86,383,212,1 388,78,416,212,1 418,92,451,212,1 447,83,480,212,1 478,75,500,209,1 507,74,533,209,1 535,78,569,208,1 566,81,592,217,1
images/image (2).jpg 235,19,366,848,0 41,82,65,214,1 70,85,95,214,1 88,70,117,214,1 117,89,137,213,1 138,76,166,215,1 163,58,195,210,1 188,84,221,212,1 218,90,245,213,1 246,101,270,213,1 272,85,298,214,1 299,79,329,215,1 332,83,356,213,1 357,86,383,212,1 388,78,416,212,1 418,92,451,212,1 447,83,480,212,1 478,75,500,209,1 507,74,533,209,1 535,78,569,208,1 566,81,592,217,1
images/image (3).jpg 31,123,365,263,0 41,82,65,214,1 70,85,95,214,1 88,70,117,214,1 117,89,137,213,1 138,76,166,215,1 163,58,195,210,1 188,84,221,212,1 218,90,245,213,1 246,101,270,213,1 272,85,298,214,1 299,79,329,215,1 332,83,356,213,1 357,86,383,212,1 388,78,416,212,1 418,92,451,212,1 447,83,480,212,1 478,75,500,209,1 507,74,533,209,1 535,78,569,208,1 566,81,592,217,1
images/image.jpg 246,15,378,599,1
images/iman.jpg 126,72,216,566,0 41,82,65,214,1 70,85,95,214,1 88,70,117,214,1 117,89,137,213,1 138,76,166,215,1 163,58,195,210,1 188,84,221,212,1 218,90,245,213,1 246,101,270,213,1 272,85,298,214,1 299,79,329,215,1 332,83,356,213,1 357,86,383,212,1 388,78,416,212,1 418,92,451,212,1 447,83,480,212,1 478,75,500,209,1 507,74,533,209,1 535,78,569,208,1 566,81,592,217,1
images/it_cosmetics_superhero_mascara_2000x2000.jpg 69,37,104,196,0 41,82,65,214,1 70,85,95,214,1 88,70,117,214,1 117,89,137,213,1 138,76,166,215,1 163,58,195,210,1 188,84,221,212,1 218,90,245,213,1 246,101,270,213,1 272,85,298,214,1 299,79,329,215,1 332,83,356,213,1 357,86,383,212,1 388,78,416,212,1 418,92,451,212,1 447,83,480,212,1 478,75,500,209,1 507,74,533,209,1 535,78,569,208,1 566,81,592,217,1
images/josie_maran_mascara.jpg 162,162,438,404,0 41,82,65,214,1 70,85,95,214,1 88,70,117,214,1 117,89,137,213,1 138,76,166,215,1 163,58,195,210,1 188,84,221,212,1 218,90,245,213,1 246,101,270,213,1 272,85,298,214,1 299,79,329,215,1 332,83,356,213,1 357,86,383,212,1 388,78,416,212,1 418,92,451,212,1 447,83,480,212,1 478,75,500,209,1 507,74,533,209,1 535,78,569,208,1 566,81,592,217,1
images/JS84611112.jpg 246,15,378,599,1
images/JUST_BLACK___HI_DEF_MASCARA_02_061607cb_dc60_48e7_b69b_6e104a1dfa66.jpg 246,15,378,599,1
images/KC05603011principale_480Wx480H.jpg 117,139,186,434,0 41,82,65,214,1 70,85,95,214,1 88,70,117,214,1 117,89,137,213,1 138,76,166,215,1 163,58,195,210,1 188,84,221,212,1 218,90,245,213,1 246,101,270,213,1 272,85,298,214,1 299,79,329,215,1 332,83,356,213,1 357,86,383,212,1 388,78,416,212,1 418,92,451,212,1 447,83,480,212,1 478,75,500,209,1 507,74,533,209,1 535,78,569,208,1 566,81,592,217,1
images/KEVYN_AUCOIN_VOLUME_MASCARA.png 172,35,212,334,0 41,82,65,214,1 70,85,95,214,1 88,70,117,214,1 117,89,137,213,1 138,76,166,215,1 163,58,195,210,1 188,84,221,212,1 218,90,245,213,1 246,101,270,213,1 272,85,298,214,1 299,79,329,215,1 332,83,356,213,1 357,86,383,212,1 388,78,416,212,1 418,92,451,212,1 447,83,480,212,1 478,75,500,209,1 507,74,533,209,1 535,78,569,208,1 566,81,592,217,1
images/KM0030105100033principale_608Wx608H.jpg 184,182,283,546,0 41,82,65,214,1 70,85,95,214,1 88,70,117,214,1 117,89,137,213,1 138,76,166,215,1 163,58,195,210,1 188,84,221,212,1 218,90,245,213,1 246,101,270,213,1 272,85,298,214,1 299,79,329,215,1 332,83,356,213,1 357,86,383,212,1 388,78,416,212,1 418,92,451,212,1 447,83,480,212,1 478,75,500,209,1 507,74,533,209,1 535,78,569,208,1 566,81,592,217,1
images/Kush_Mascara_opened_back_800x1100.png 206,160,277,505,0 41,82,65,214,1 70,85,95,214,1 88,70,117,214,1 117,89,137,213,1 138,76,166,215,1 163,58,195,210,1 188,84,221,212,1 218,90,245,213,1 246,101,270,213,1 272,85,298,214,1 299,79,329,215,1 332,83,356,213,1 357,86,383,212,1 388,78,416,212,1 418,92,451,212,1 447,83,480,212,1 478,75,500,209,1 507,74,533,209,1 535,78,569,208,1 566,81,592,217,1
images/la_base_mascara_packshot_default_190240_8812985221150.jpg 1914,334,2471,3530,0 41,82,65,214,1 70,85,95,214,1 88,70,117,214,1 117,89,137,213,1 138,76,166,215,1 163,58,195,210,1 188,84,221,212,1 218,90,245,213,1 246,101,270,213,1 272,85,298,214,1 299,79,329,215,1 332,83,356,213,1 357,86,383,212,1 388,78,416,212,1 418,92,451,212,1 447,83,480,212,1 478,75,500,209,1 507,74,533,209,1 535,78,569,208,1 566,81,592,217,1
images/Lancôme_Cils_Booster_XL_Vitamin_Infused_Mascara_Primer.jpg.750x750_q85ss0_progressive.jpg 290,48,370,646,0 41,82,65,214,1 70,85,95,214,1 88,70,117,214,1 117,89,137,213,1 138,76,166,215,1 163,58,195,210,1 188,84,221,212,1 218,90,245,213,1 246,101,270,213,1 272,85,298,214,1 299,79,329,215,1 332,83,356,213,1 357,86,383,212,1 388,78,416,212,1 418,92,451,212,1 447,83,480,212,1 478,75,500,209,1 507,74,533,209,1 535,78,569,208,1 566,81,592,217,1
images/large_lash_mascara25jan16_forweb_large.jpg 170,170,247,457,0 41,82,65,214,1 70,85,95,214,1 88,70,117,214,1 117,89,137,213,1 138,76,166,215,1 163,58,195,210,1 188,84,221,212,1 218,90,245,213,1 246,101,270,213,1 272,85,298,214,1 299,79,329,215,1 332,83,356,213,1 357,86,383,212,1 388,78,416,212,1 418,92,451,212,1 447,83,480,212,1 478,75,500,209,1 507,74,533,209,1 535,78,569,208,1 566,81,592,217,1
images/lash_academy_vegan_mascara.jpg 157,51,214,480,0 41,82,65,214,1 70,85,95,214,1 88,70,117,214,1 117,89,137,213,1 138,76,166,215,1 163,58,195,210,1 188,84,221,212,1 218,90,245,213,1 246,101,270,213,1 272,85,298,214,1 299,79,329,215,1 332,83,356,213,1 357,86,383,212,1 388,78,416,212,1 418,92,451,212,1 447,83,480,212,1 478,75,500,209,1 507,74,533,209,1 535,78,569,208,1 566,81,592,217,1
images/LASH_EXPERT_WEB_3_e9ee3a32a6dddb3d0521bd4147039321.jpg 366,82,489,969,0 41,82,65,214,1 70,85,95,214,1 88,70,117,214,1 117,89,137,213,1 138,76,166,215,1 163,58,195,210,1 188,84,221,212,1 218,90,245,213,1 246,101,270,213,1 272,85,298,214,1 299,79,329,215,1 332,83,356,213,1 357,86,383,212,1 388,78,416,212,1 418,92,451,212,1 447,83,480,212,1 478,75,500,209,1 507,74,533,209,1 535,78,569,208,1 566,81,592,217,1
images/lavera_volume_mascara_2016.jpg 180,5,246,497,0 41,82,65,214,1 70,85,95,214,1 88,70,117,214,1 117,89,137,213,1 138,76,166,215,1 163,58,195,210,1 188,84,221,212,1 218,90,245,213,1 246,101,270,213,1 272,85,298,214,1 299,79,329,215,1 332,83,356,213,1 357,86,383,212,1 388,78,416,212,1 418,92,451,212,1 447,83,480,212,1 478,75,500,209,1 507,74,533,209,1 535,78,569,208,1 566,81,592,217,1
images/lavera_volume_mascara_black_745663_en.jpg 6,3,235,1990,0 41,82,65,214,1 70,85,95,214,1 88,70,117,214,1 117,89,137,213,1 138,76,166,215,1 163,58,195,210,1 188,84,221,212,1 218,90,245,213,1 246,101,270,213,1 272,85,298,214,1 299,79,329,215,1 332,83,356,213,1 357,86,383,212,1 388,78,416,212,1 418,92,451,212,1 447,83,480,212,1 478,75,500,209,1 507,74,533,209,1 535,78,569,208,1 566,81,592,217,1
images/le_volume_de_chanel_packshot_default_191210_8800873775134.jpg 1945,303,2502,3536,0 41,82,65,214,1 70,85,95,214,1 88,70,117,214,1 117,89,137,213,1 138,76,166,215,1 163,58,195,210,1 188,84,221,212,1 218,90,245,213,1 246,101,270,213,1 272,85,298,214,1 299,79,329,215,1 332,83,356,213,1 357,86,383,212,1 388,78,416,212,1 418,92,451,212,1 447,83,480,212,1 478,75,500,209,1 507,74,533,209,1 535,78,569,208,1 566,81,592,217,1
images/le_volume_revolution_de_chanel_packshot_default_191710_8812172181534.jpg 1945,316,2478,3506,0 41,82,65,214,1 70,85,95,214,1 88,70,117,214,1 117,89,137,213,1 138,76,166,215,1 163,58,195,210,1 188,84,221,212,1 218,90,245,213,1 246,101,270,213,1 272,85,298,214,1 299,79,329,215,1 332,83,356,213,1 357,86,383,212,1 388,78,416,212,1 418,92,451,212,1 447,83,480,212,1 478,75,500,209,1 507,74,533,209,1 535,78,569,208,1 566,81,592,217,1
images/lede.jpg 30,2,233,463,0 345,2,541,509,0 632,2,844,545,0 1050,0,1269,621,0 1372,2,1587,650,0 1675,0,1880,696,0 2,735,114,1374,0 212,618,452,1412,0 518,664,733,1410,0 936,881,1135,1410,0 1269,769,1486,1410,0 1561,799,1769,1411,0 2081,114,2277,762,0 2399,5,2623,799,0 2691,43,2826,835,0 2599,961,2791,1411,0 2305,911,2504,1413,0 1976,1027,2165,1413,0 41,82,65,214,1  70,85,95,214,1  88,70,117,214,1  117,89,137,213,1  138,76,166,215,1  163,58,195,210,1  188,84,221,212,1  218,90,245,213,1  246,101,270,213,1  272,85,298,214,1  299,79,329,215,1  332,83,356,213,1  357,86,383,212,1  388,78,416,212,1  418,92,451,212,1  447,83,480,212,1  478,75,500,209,1  507,74,533,209,1 535,78,569,208,1 566,81,592,217,1
images/lede_CliniqueFIT Mascara.jpg 246,15,378,599,1
images/lengthening_mascara_jet_black.jpg 1109,228,1409,2446,0 41,82,65,214,1 70,85,95,214,1 88,70,117,214,1 117,89,137,213,1 138,76,166,215,1 163,58,195,210,1 188,84,221,212,1 218,90,245,213,1 246,101,270,213,1 272,85,298,214,1 299,79,329,215,1 332,83,356,213,1 357,86,383,212,1 388,78,416,212,1 418,92,451,212,1 447,83,480,212,1 478,75,500,209,1 507,74,533,209,1 535,78,569,208,1 566,81,592,217,1
images/LORE_3147753565015_6.jpg 246,15,378,599,1
images/loreal_paris_false_lash_superstar_x_fiber_mascara_black.jpg 219,143,298,407,0 214,449,304,701,0 41,82,65,214,1  70,85,95,214,1 88,70,117,214,1 117,89,137,213,1 138,76,166,215,1 163,58,195,210,1 188,84,221,212,1 218,90,245,213,1 246,101,270,213,1 272,85,298,214,1 299,79,329,215,1 332,83,356,213,1 357,86,383,212,1 388,78,416,212,1 418,92,451,212,1 447,83,480,212,1 478,75,500,209,1 507,74,533,209,1 535,78,569,208,1 566,81,592,217,1
images/LOREAL_Voluminous_Superstar_Mascara.w710.h473.2x.jpg 292,30,356,443,0 41,82,65,214,1 70,85,95,214,1 88,70,117,214,1 117,89,137,213,1 138,76,166,215,1 163,58,195,210,1 188,84,221,212,1 218,90,245,213,1 246,101,270,213,1 272,85,298,214,1 299,79,329,215,1 332,83,356,213,1 357,86,383,212,1 388,78,416,212,1 418,92,451,212,1 447,83,480,212,1 478,75,500,209,1 507,74,533,209,1 535,78,569,208,1 566,81,592,217,1
images/LUNE_ASTER_FORMIDABLE_MASCARA.png 165,122,252,586,0 41,82,65,214,1 70,85,95,214,1 88,70,117,214,1 117,89,137,213,1 138,76,166,215,1 163,58,195,210,1 188,84,221,212,1 218,90,245,213,1 246,101,270,213,1 272,85,298,214,1 299,79,329,215,1 332,83,356,213,1 357,86,383,212,1 388,78,416,212,1 418,92,451,212,1 447,83,480,212,1 478,75,500,209,1 507,74,533,209,1 535,78,569,208,1 566,81,592,217,1
images/lush_mascara.jpg 113,114,216,296,0 41,82,65,214,1 70,85,95,214,1 88,70,117,214,1 117,89,137,213,1 138,76,166,215,1 163,58,195,210,1 188,84,221,212,1 218,90,245,213,1 246,101,270,213,1 272,85,298,214,1 299,79,329,215,1 332,83,356,213,1 357,86,383,212,1 388,78,416,212,1 418,92,451,212,1 447,83,480,212,1 478,75,500,209,1 507,74,533,209,1 535,78,569,208,1 566,81,592,217,1
images/M01_2_1_1000x1000.jpg 31,345,837,484,0 41,82,65,214,1 70,85,95,214,1 88,70,117,214,1 117,89,137,213,1 138,76,166,215,1 163,58,195,210,1 188,84,221,212,1 218,90,245,213,1 246,101,270,213,1 272,85,298,214,1 299,79,329,215,1 332,83,356,213,1 357,86,383,212,1 388,78,416,212,1 418,92,451,212,1 447,83,480,212,1 478,75,500,209,1 507,74,533,209,1 535,78,569,208,1 566,81,592,217,1
images/Mac_Liquid_Eyeliner_Mascara_Eyebrow_SDL142806419_2_4b137.jpg 335,358,444,788,0 463,274,596,789,0 41,82,65,214,1  70,85,95,214,1 88,70,117,214,1 117,89,137,213,1 138,76,166,215,1 163,58,195,210,1 188,84,221,212,1 218,90,245,213,1 246,101,270,213,1 272,85,298,214,1 299,79,329,215,1 332,83,356,213,1 357,86,383,212,1 388,78,416,212,1 418,92,451,212,1 447,83,480,212,1 478,75,500,209,1 507,74,533,209,1 535,78,569,208,1 566,81,592,217,1
images/madame_longcils_mascara.jpg 329,327,537,1457,0 41,82,65,214,1 70,85,95,214,1 88,70,117,214,1 117,89,137,213,1 138,76,166,215,1 163,58,195,210,1 188,84,221,212,1 218,90,245,213,1 246,101,270,213,1 272,85,298,214,1 299,79,329,215,1 332,83,356,213,1 357,86,383,212,1 388,78,416,212,1 418,92,451,212,1 447,83,480,212,1 478,75,500,209,1 507,74,533,209,1 535,78,569,208,1 566,81,592,217,1
images/magna.png 246,15,378,599,1
images/Mascara.jpg 1240,743,1607,2304,0 41,82,65,214,1 70,85,95,214,1 88,70,117,214,1 117,89,137,213,1 138,76,166,215,1 163,58,195,210,1 188,84,221,212,1 218,90,245,213,1 246,101,270,213,1 272,85,298,214,1 299,79,329,215,1 332,83,356,213,1 357,86,383,212,1 388,78,416,212,1 418,92,451,212,1 447,83,480,212,1 478,75,500,209,1 507,74,533,209,1 535,78,569,208,1 566,81,592,217,1
images/mascara.png 494,21,678,976,0 41,82,65,214,1 70,85,95,214,1 88,70,117,214,1 117,89,137,213,1 138,76,166,215,1 163,58,195,210,1 188,84,221,212,1 218,90,245,213,1 246,101,270,213,1 272,85,298,214,1 299,79,329,215,1 332,83,356,213,1 357,86,383,212,1 388,78,416,212,1 418,92,451,212,1 447,83,480,212,1 478,75,500,209,1 507,74,533,209,1 535,78,569,208,1 566,81,592,217,1
images/mascara__21160.1519966438.1280.1280.jpg 330,122,553,1179,0 725,429,973,1180,0 41,82,65,214,1  70,85,95,214,1 88,70,117,214,1 117,89,137,213,1 138,76,166,215,1 163,58,195,210,1 188,84,221,212,1 218,90,245,213,1 246,101,270,213,1 272,85,298,214,1 299,79,329,215,1 332,83,356,213,1 357,86,383,212,1 388,78,416,212,1 418,92,451,212,1 447,83,480,212,1 478,75,500,209,1 507,74,533,209,1 535,78,569,208,1 566,81,592,217,1
images/MASCARA_2.jpg 246,15,378,599,1
images/mascara_2x1_fullres_1024x512.jpg 113,150,188,465,0 298,165,377,461,0 392,248,469,460,0 472,230,554,455,0 699,148,773,475,0 882,203,960,490,0 41,82,65,214,1  70,85,95,214,1  88,70,117,214,1  117,89,137,213,1  138,76,166,215,1  163,58,195,210,1 188,84,221,212,1 218,90,245,213,1 246,101,270,213,1 272,85,298,214,1 299,79,329,215,1 332,83,356,213,1 357,86,383,212,1 388,78,416,212,1 418,92,451,212,1 447,83,480,212,1 478,75,500,209,1 507,74,533,209,1 535,78,569,208,1 566,81,592,217,1
images/mascara_amplified_rain.jpeg 544,387,730,1328,0 820,196,982,1357,0 41,82,65,214,1  70,85,95,214,1 88,70,117,214,1 117,89,137,213,1 138,76,166,215,1 163,58,195,210,1 188,84,221,212,1 218,90,245,213,1 246,101,270,213,1 272,85,298,214,1 299,79,329,215,1 332,83,356,213,1 357,86,383,212,1 388,78,416,212,1 418,92,451,212,1 447,83,480,212,1 478,75,500,209,1 507,74,533,209,1 535,78,569,208,1 566,81,592,217,1
images/Mascara_banner_v4.jpg 103,140,176,368,0 190,144,258,367,0 557,4,615,366,0 623,101,684,363,0 1060,1,1269,44,0 1044,181,1270,285,0 41,82,65,214,1  70,85,95,214,1  88,70,117,214,1  117,89,137,213,1  138,76,166,215,1  163,58,195,210,1 188,84,221,212,1 218,90,245,213,1 246,101,270,213,1 272,85,298,214,1 299,79,329,215,1 332,83,356,213,1 357,86,383,212,1 388,78,416,212,1 418,92,451,212,1 447,83,480,212,1 478,75,500,209,1 507,74,533,209,1 535,78,569,208,1 566,81,592,217,1
images/mascara_bottom.jpg 246,15,378,599,1
images/mascara_brushes_mean_1499342553.jpg 246,15,378,599,1
images/Mascara_FeaturedImage_250x250.jpg 246,15,378,599,1
images/Mascara_G.jpg 385,53,492,725,0 41,82,65,214,1 70,85,95,214,1 88,70,117,214,1 117,89,137,213,1 138,76,166,215,1 163,58,195,210,1 188,84,221,212,1 218,90,245,213,1 246,101,270,213,1 272,85,298,214,1 299,79,329,215,1 332,83,356,213,1 357,86,383,212,1 388,78,416,212,1 418,92,451,212,1 447,83,480,212,1 478,75,500,209,1 507,74,533,209,1 535,78,569,208,1 566,81,592,217,1
images/mascara_main.jpg 246,15,378,599,1
images/mascara_no_black_flecks.jpg 197,186,306,660,0 397,183,502,650,0 589,206,711,649,0 41,82,65,214,1  70,85,95,214,1  88,70,117,214,1 117,89,137,213,1 138,76,166,215,1 163,58,195,210,1 188,84,221,212,1 218,90,245,213,1 246,101,270,213,1 272,85,298,214,1 299,79,329,215,1 332,83,356,213,1 357,86,383,212,1 388,78,416,212,1 418,92,451,212,1 447,83,480,212,1 478,75,500,209,1 507,74,533,209,1 535,78,569,208,1 566,81,592,217,1
images/mascara_oversize_fiber_eye_catcher.jpg 193,215,327,813,0 41,82,65,214,1 70,85,95,214,1 88,70,117,214,1 117,89,137,213,1 138,76,166,215,1 163,58,195,210,1 188,84,221,212,1 218,90,245,213,1 246,101,270,213,1 272,85,298,214,1 299,79,329,215,1 332,83,356,213,1 357,86,383,212,1 388,78,416,212,1 418,92,451,212,1 447,83,480,212,1 478,75,500,209,1 507,74,533,209,1 535,78,569,208,1 566,81,592,217,1
images/mascara_r_evolution_noir.jpg 330,239,467,864,0 41,82,65,214,1 70,85,95,214,1 88,70,117,214,1 117,89,137,213,1 138,76,166,215,1 163,58,195,210,1 188,84,221,212,1 218,90,245,213,1 246,101,270,213,1 272,85,298,214,1 299,79,329,215,1 332,83,356,213,1 357,86,383,212,1 388,78,416,212,1 418,92,451,212,1 447,83,480,212,1 478,75,500,209,1 507,74,533,209,1 535,78,569,208,1 566,81,592,217,1
images/mascara_swatch_black_noir_480x.jpg 246,15,378,599,1
images/mascara_ultimate_volume.jpg 435,58,630,1143,0 41,82,65,214,1 70,85,95,214,1 88,70,117,214,1 117,89,137,213,1 138,76,166,215,1 163,58,195,210,1 188,84,221,212,1 218,90,245,213,1 246,101,270,213,1 272,85,298,214,1 299,79,329,215,1 332,83,356,213,1 357,86,383,212,1 388,78,416,212,1 418,92,451,212,1 447,83,480,212,1 478,75,500,209,1 507,74,533,209,1 535,78,569,208,1 566,81,592,217,1
images/mascara_wand_black.jpg 246,15,378,599,1
images/mascara_wands_1.jpg 35,8,123,544,0 250,7,371,542,0 496,127,617,543,0 41,82,65,214,1  70,85,95,214,1  88,70,117,214,1 117,89,137,213,1 138,76,166,215,1 163,58,195,210,1 188,84,221,212,1 218,90,245,213,1 246,101,270,213,1 272,85,298,214,1 299,79,329,215,1 332,83,356,213,1 357,86,383,212,1 388,78,416,212,1 418,92,451,212,1 447,83,480,212,1 478,75,500,209,1 507,74,533,209,1 535,78,569,208,1 566,81,592,217,1
images/MASCARA_WHATS_YOUR_TYPE_BB_img1_6f1005d3_fc0a_46b0_a76e_ead69e1c4383_600x.jpg 259,60,353,535,0 41,82,65,214,1 70,85,95,214,1 88,70,117,214,1 117,89,137,213,1 138,76,166,215,1 163,58,195,210,1 188,84,221,212,1 218,90,245,213,1 246,101,270,213,1 272,85,298,214,1 299,79,329,215,1 332,83,356,213,1 357,86,383,212,1 388,78,416,212,1 418,92,451,212,1 447,83,480,212,1 478,75,500,209,1 507,74,533,209,1 535,78,569,208,1 566,81,592,217,1
images/mascara_xtension_plus.jpg 468,87,640,1147,0 41,82,65,214,1 70,85,95,214,1 88,70,117,214,1 117,89,137,213,1 138,76,166,215,1 163,58,195,210,1 188,84,221,212,1 218,90,245,213,1 246,101,270,213,1 272,85,298,214,1 299,79,329,215,1 332,83,356,213,1 357,86,383,212,1 388,78,416,212,1 418,92,451,212,1 447,83,480,212,1 478,75,500,209,1 507,74,533,209,1 535,78,569,208,1 566,81,592,217,1
images/mascara_xxl_swatch.jpg 246,15,378,599,1
images/mascara1.jpg 246,15,378,599,1
images/mascara3.jpg 246,15,378,599,1
images/MascaraImage_2048x_2x.jpg 53,47,582,3599,0 41,82,65,214,1 70,85,95,214,1 88,70,117,214,1 117,89,137,213,1 138,76,166,215,1 163,58,195,210,1 188,84,221,212,1 218,90,245,213,1 246,101,270,213,1 272,85,298,214,1 299,79,329,215,1 332,83,356,213,1 357,86,383,212,1 388,78,416,212,1 418,92,451,212,1 447,83,480,212,1 478,75,500,209,1 507,74,533,209,1 535,78,569,208,1 566,81,592,217,1
images/MascaraSweepWithBrushSquare_grande.jpg 246,15,378,599,1
images/Max_Factor_Clump_Defy_Extensions_Mascara_Black_0081606.jpg 133,20,208,319,0 41,82,65,214,1 70,85,95,214,1 88,70,117,214,1 117,89,137,213,1 138,76,166,215,1 163,58,195,210,1 188,84,221,212,1 218,90,245,213,1 246,101,270,213,1 272,85,298,214,1 299,79,329,215,1 332,83,356,213,1 357,86,383,212,1 388,78,416,212,1 418,92,451,212,1 447,83,480,212,1 478,75,500,209,1 507,74,533,209,1 535,78,569,208,1 566,81,592,217,1
images/maxfactor_mascara.jpg 807,28,966,1052,0 41,82,65,214,1 70,85,95,214,1 88,70,117,214,1 117,89,137,213,1 138,76,166,215,1 163,58,195,210,1 188,84,221,212,1 218,90,245,213,1 246,101,270,213,1 272,85,298,214,1 299,79,329,215,1 332,83,356,213,1 357,86,383,212,1 388,78,416,212,1 418,92,451,212,1 447,83,480,212,1 478,75,500,209,1 507,74,533,209,1 535,78,569,208,1 566,81,592,217,1
images/Maxlash_Mascara.png 156,6,233,523,0 41,82,65,214,1 70,85,95,214,1 88,70,117,214,1 117,89,137,213,1 138,76,166,215,1 163,58,195,210,1 188,84,221,212,1 218,90,245,213,1 246,101,270,213,1 272,85,298,214,1 299,79,329,215,1 332,83,356,213,1 357,86,383,212,1 388,78,416,212,1 418,92,451,212,1 447,83,480,212,1 478,75,500,209,1 507,74,533,209,1 535,78,569,208,1 566,81,592,217,1
images/maxresdefault (1).jpg 246,15,378,599,1
images/Maybelline_Lash_Sensational_Mascara_L_1.jpg 159,24,245,428,0 41,82,65,214,1 70,85,95,214,1 88,70,117,214,1 117,89,137,213,1 138,76,166,215,1 163,58,195,210,1 188,84,221,212,1 218,90,245,213,1 246,101,270,213,1 272,85,298,214,1 299,79,329,215,1 332,83,356,213,1 357,86,383,212,1 388,78,416,212,1 418,92,451,212,1 447,83,480,212,1 478,75,500,209,1 507,74,533,209,1 535,78,569,208,1 566,81,592,217,1
images/MG_1941.jpg 2,31,398,409,0 41,82,65,214,1 70,85,95,214,1 88,70,117,214,1 117,89,137,213,1 138,76,166,215,1 163,58,195,210,1 188,84,221,212,1 218,90,245,213,1 246,101,270,213,1 272,85,298,214,1 299,79,329,215,1 332,83,356,213,1 357,86,383,212,1 388,78,416,212,1 418,92,451,212,1 447,83,480,212,1 478,75,500,209,1 507,74,533,209,1 535,78,569,208,1 566,81,592,217,1
images/Miracle_4D_Lashbooster_Mascara_Black.jpg 281,263,389,676,0 41,82,65,214,1 70,85,95,214,1 88,70,117,214,1 117,89,137,213,1 138,76,166,215,1 163,58,195,210,1 188,84,221,212,1 218,90,245,213,1 246,101,270,213,1 272,85,298,214,1 299,79,329,215,1 332,83,356,213,1 357,86,383,212,1 388,78,416,212,1 418,92,451,212,1 447,83,480,212,1 478,75,500,209,1 507,74,533,209,1 535,78,569,208,1 566,81,592,217,1
images/MMC_109_1024x1024.jpg 386,36,505,855,0 41,82,65,214,1 70,85,95,214,1 88,70,117,214,1 117,89,137,213,1 138,76,166,215,1 163,58,195,210,1 188,84,221,212,1 218,90,245,213,1 246,101,270,213,1 272,85,298,214,1 299,79,329,215,1 332,83,356,213,1 357,86,383,212,1 388,78,416,212,1 418,92,451,212,1 447,83,480,212,1 478,75,500,209,1 507,74,533,209,1 535,78,569,208,1 566,81,592,217,1
images/MMC_110_Hero1_500x.jpg 221,33,287,434,0 41,82,65,214,1 70,85,95,214,1 88,70,117,214,1 117,89,137,213,1 138,76,166,215,1 163,58,195,210,1 188,84,221,212,1 218,90,245,213,1 246,101,270,213,1 272,85,298,214,1 299,79,329,215,1 332,83,356,213,1 357,86,383,212,1 388,78,416,212,1 418,92,451,212,1 447,83,480,212,1 478,75,500,209,1 507,74,533,209,1 535,78,569,208,1 566,81,592,217,1
images/naturalash_mascara_product_shot_2.jpg 699,395,833,1061,0 41,82,65,214,1 70,85,95,214,1 88,70,117,214,1 117,89,137,213,1 138,76,166,215,1 163,58,195,210,1 188,84,221,212,1 218,90,245,213,1 246,101,270,213,1 272,85,298,214,1 299,79,329,215,1 332,83,356,213,1 357,86,383,212,1 388,78,416,212,1 418,92,451,212,1 447,83,480,212,1 478,75,500,209,1 507,74,533,209,1 535,78,569,208,1 566,81,592,217,1
images/No7_Stay_Perfect_Mascara_Black.png 77,52,114,193,0 41,82,65,214,1 70,85,95,214,1 88,70,117,214,1 117,89,137,213,1 138,76,166,215,1 163,58,195,210,1 188,84,221,212,1 218,90,245,213,1 246,101,270,213,1 272,85,298,214,1 299,79,329,215,1 332,83,356,213,1 357,86,383,212,1 388,78,416,212,1 418,92,451,212,1 447,83,480,212,1 478,75,500,209,1 507,74,533,209,1 535,78,569,208,1 566,81,592,217,1
images/nyx030_dolleyemascara_waterproof_black_1_1560x1960_1ji4a.jpg 642,73,917,1896,0 41,82,65,214,1 70,85,95,214,1 88,70,117,214,1 117,89,137,213,1 138,76,166,215,1 163,58,195,210,1 188,84,221,212,1 218,90,245,213,1 246,101,270,213,1 272,85,298,214,1 299,79,329,215,1 332,83,356,213,1 357,86,383,212,1 388,78,416,212,1 418,92,451,212,1 447,83,480,212,1 478,75,500,209,1 507,74,533,209,1 535,78,569,208,1 566,81,592,217,1
images/oil_free_mascara_edit.jpg 29,180,151,415,0 142,73,246,251,0 272,8,437,338,0 465,49,584,280,0 518,340,701,443,0 236,304,357,503,0 533,436,743,504,0 41,82,65,214,1  70,85,95,214,1  88,70,117,214,1  117,89,137,213,1  138,76,166,215,1  163,58,195,210,1  188,84,221,212,1 218,90,245,213,1 246,101,270,213,1 272,85,298,214,1 299,79,329,215,1 332,83,356,213,1 357,86,383,212,1 388,78,416,212,1 418,92,451,212,1 447,83,480,212,1 478,75,500,209,1 507,74,533,209,1 535,78,569,208,1 566,81,592,217,1
images/p_mascara.jpg 139,44,246,739,0 259,43,362,737,0 41,82,65,214,1  70,85,95,214,1 88,70,117,214,1 117,89,137,213,1 138,76,166,215,1 163,58,195,210,1 188,84,221,212,1 218,90,245,213,1 246,101,270,213,1 272,85,298,214,1 299,79,329,215,1 332,83,356,213,1 357,86,383,212,1 388,78,416,212,1 418,92,451,212,1 447,83,480,212,1 478,75,500,209,1 507,74,533,209,1 535,78,569,208,1 566,81,592,217,1
images/pf10013.jpg 75,42,120,263,0 41,82,65,214,1 70,85,95,214,1 88,70,117,214,1 117,89,137,213,1 138,76,166,215,1 163,58,195,210,1 188,84,221,212,1 218,90,245,213,1 246,101,270,213,1 272,85,298,214,1 299,79,329,215,1 332,83,356,213,1 357,86,383,212,1 388,78,416,212,1 418,92,451,212,1 447,83,480,212,1 478,75,500,209,1 507,74,533,209,1 535,78,569,208,1 566,81,592,217,1
images/po5rqm3bsc9.jpg 246,15,378,599,1
images/PROD_1041587_XL.jpg 263,224,365,650,0 41,82,65,214,1 70,85,95,214,1 88,70,117,214,1 117,89,137,213,1 138,76,166,215,1 163,58,195,210,1 188,84,221,212,1 218,90,245,213,1 246,101,270,213,1 272,85,298,214,1 299,79,329,215,1 332,83,356,213,1 357,86,383,212,1 388,78,416,212,1 418,92,451,212,1 447,83,480,212,1 478,75,500,209,1 507,74,533,209,1 535,78,569,208,1 566,81,592,217,1
images/PROD_1192761_XL.jpg 378,169,486,651,0 41,82,65,214,1 70,85,95,214,1 88,70,117,214,1 117,89,137,213,1 138,76,166,215,1 163,58,195,210,1 188,84,221,212,1 218,90,245,213,1 246,101,270,213,1 272,85,298,214,1 299,79,329,215,1 332,83,356,213,1 357,86,383,212,1 388,78,416,212,1 418,92,451,212,1 447,83,480,212,1 478,75,500,209,1 507,74,533,209,1 535,78,569,208,1 566,81,592,217,1
images/Product_541_slide_with_zoom_c364f7f6_0224_4c6c_bcb9_7d05dc4f0462_normal_slide.jpg 288,412,776,962,0 41,82,65,214,1 70,85,95,214,1 88,70,117,214,1 117,89,137,213,1 138,76,166,215,1 163,58,195,210,1 188,84,221,212,1 218,90,245,213,1 246,101,270,213,1 272,85,298,214,1 299,79,329,215,1 332,83,356,213,1 357,86,383,212,1 388,78,416,212,1 418,92,451,212,1 447,83,480,212,1 478,75,500,209,1 507,74,533,209,1 535,78,569,208,1 566,81,592,217,1
images/Product_Card_Benefit_Real_for_Mascara.jpg 34,19,584,590,0 41,82,65,214,1 70,85,95,214,1 88,70,117,214,1 117,89,137,213,1 138,76,166,215,1 163,58,195,210,1 188,84,221,212,1 218,90,245,213,1 246,101,270,213,1 272,85,298,214,1 299,79,329,215,1 332,83,356,213,1 357,86,383,212,1 388,78,416,212,1 418,92,451,212,1 447,83,480,212,1 478,75,500,209,1 507,74,533,209,1 535,78,569,208,1 566,81,592,217,1
images/Product_Card_Maybelline_Sensational_for_Mascara.jpg 66,16,583,583,0 41,82,65,214,1 70,85,95,214,1 88,70,117,214,1 117,89,137,213,1 138,76,166,215,1 163,58,195,210,1 188,84,221,212,1 218,90,245,213,1 246,101,270,213,1 272,85,298,214,1 299,79,329,215,1 332,83,356,213,1 357,86,383,212,1 388,78,416,212,1 418,92,451,212,1 447,83,480,212,1 478,75,500,209,1 507,74,533,209,1 535,78,569,208,1 566,81,592,217,1
images/product_image_659308118_600x.jpg 481,27,595,589,0 41,82,65,214,1 70,85,95,214,1 88,70,117,214,1 117,89,137,213,1 138,76,166,215,1 163,58,195,210,1 188,84,221,212,1 218,90,245,213,1 246,101,270,213,1 272,85,298,214,1 299,79,329,215,1 332,83,356,213,1 357,86,383,212,1 388,78,416,212,1 418,92,451,212,1 447,83,480,212,1 478,75,500,209,1 507,74,533,209,1 535,78,569,208,1 566,81,592,217,1
images/purelash_black_onyx.jpg 1095,192,1426,2450,0 41,82,65,214,1 70,85,95,214,1 88,70,117,214,1 117,89,137,213,1 138,76,166,215,1 163,58,195,210,1 188,84,221,212,1 218,90,245,213,1 246,101,270,213,1 272,85,298,214,1 299,79,329,215,1 332,83,356,213,1 357,86,383,212,1 388,78,416,212,1 418,92,451,212,1 447,83,480,212,1 478,75,500,209,1 507,74,533,209,1 535,78,569,208,1 566,81,592,217,1
images/rexfeatures_1896004le_mascara.jpg 246,15,378,599,1
images/rimmel_scandaleyes_reloaded_mascara_black.jpg 86,0,123,173,0 41,82,65,214,1 70,85,95,214,1 88,70,117,214,1 117,89,137,213,1 138,76,166,215,1 163,58,195,210,1 188,84,221,212,1 218,90,245,213,1 246,101,270,213,1 272,85,298,214,1 299,79,329,215,1 332,83,356,213,1 357,86,383,212,1 388,78,416,212,1 418,92,451,212,1 447,83,480,212,1 478,75,500,209,1 507,74,533,209,1 535,78,569,208,1 566,81,592,217,1
images/roller_lash_hero_2.jpg 122,212,241,659,0 41,82,65,214,1 70,85,95,214,1 88,70,117,214,1 117,89,137,213,1 138,76,166,215,1 163,58,195,210,1 188,84,221,212,1 218,90,245,213,1 246,101,270,213,1 272,85,298,214,1 299,79,329,215,1 332,83,356,213,1 357,86,383,212,1 388,78,416,212,1 418,92,451,212,1 447,83,480,212,1 478,75,500,209,1 507,74,533,209,1 535,78,569,208,1 566,81,592,217,1
images/s_l1000.jpg 61,124,150,492,0 432,127,517,500,0 766,105,848,481,0 706,632,822,982,0 418,653,524,977,0 84,640,190,987,0 41,82,65,214,1  70,85,95,214,1  88,70,117,214,1  117,89,137,213,1  138,76,166,215,1  163,58,195,210,1 188,84,221,212,1 218,90,245,213,1 246,101,270,213,1 272,85,298,214,1 299,79,329,215,1 332,83,356,213,1 357,86,383,212,1 388,78,416,212,1 418,92,451,212,1 447,83,480,212,1 478,75,500,209,1 507,74,533,209,1 535,78,569,208,1 566,81,592,217,1
images/SB67010001.0.jpg 259,55,410,948,0 41,82,65,214,1 70,85,95,214,1 88,70,117,214,1 117,89,137,213,1 138,76,166,215,1 163,58,195,210,1 188,84,221,212,1 218,90,245,213,1 246,101,270,213,1 272,85,298,214,1 299,79,329,215,1 332,83,356,213,1 357,86,383,212,1 388,78,416,212,1 418,92,451,212,1 447,83,480,212,1 478,75,500,209,1 507,74,533,209,1 535,78,569,208,1 566,81,592,217,1
images/sbx_prod_55052_875x773_3.jpg 246,15,378,599,1
images/Sin_titulo_2_1024x.jpg 246,15,378,599,1
images/slzlm3owu1jaimqinko5.jpg 394,192,553,762,0 41,82,65,214,1 70,85,95,214,1 88,70,117,214,1 117,89,137,213,1 138,76,166,215,1 163,58,195,210,1 188,84,221,212,1 218,90,245,213,1 246,101,270,213,1 272,85,298,214,1 299,79,329,215,1 332,83,356,213,1 357,86,383,212,1 388,78,416,212,1 418,92,451,212,1 447,83,480,212,1 478,75,500,209,1 507,74,533,209,1 535,78,569,208,1 566,81,592,217,1
images/tar_mascara_silver_closed_no_reflection_cmyk_1.jpg 975,77,1874,4180,0 41,82,65,214,1 70,85,95,214,1 88,70,117,214,1 117,89,137,213,1 138,76,166,215,1 163,58,195,210,1 188,84,221,212,1 218,90,245,213,1 246,101,270,213,1 272,85,298,214,1 299,79,329,215,1 332,83,356,213,1 357,86,383,212,1 388,78,416,212,1 418,92,451,212,1 447,83,480,212,1 478,75,500,209,1 507,74,533,209,1 535,78,569,208,1 566,81,592,217,1
images/tarte_tarteist_lash_paint_mascara.jpg 451,38,624,1071,0 41,82,65,214,1 70,85,95,214,1 88,70,117,214,1 117,89,137,213,1 138,76,166,215,1 163,58,195,210,1 188,84,221,212,1 218,90,245,213,1 246,101,270,213,1 272,85,298,214,1 299,79,329,215,1 332,83,356,213,1 357,86,383,212,1 388,78,416,212,1 418,92,451,212,1 447,83,480,212,1 478,75,500,209,1 507,74,533,209,1 535,78,569,208,1 566,81,592,217,1
images/TIGI_LuxeLashMascara_S_C.jpg 305,103,411,624,0 41,82,65,214,1 70,85,95,214,1 88,70,117,214,1 117,89,137,213,1 138,76,166,215,1 163,58,195,210,1 188,84,221,212,1 218,90,245,213,1 246,101,270,213,1 272,85,298,214,1 299,79,329,215,1 332,83,356,213,1 357,86,383,212,1 388,78,416,212,1 418,92,451,212,1 447,83,480,212,1 478,75,500,209,1 507,74,533,209,1 535,78,569,208,1 566,81,592,217,1
images/too_faced_10_better_than_sex_mascara_black_1_qty_original_imaeebcegzzbyd6x.jpeg 202,163,304,613,0 41,82,65,214,1 70,85,95,214,1 88,70,117,214,1 117,89,137,213,1 138,76,166,215,1 163,58,195,210,1 188,84,221,212,1 218,90,245,213,1 246,101,270,213,1 272,85,298,214,1 299,79,329,215,1 332,83,356,213,1 357,86,383,212,1 388,78,416,212,1 418,92,451,212,1 447,83,480,212,1 478,75,500,209,1 507,74,533,209,1 535,78,569,208,1 566,81,592,217,1
images/too_faced_better_than_sex_mascara_vogue_18dec15_pr_b.jpg 316,121,528,1408,0 41,82,65,214,1 70,85,95,214,1 88,70,117,214,1 117,89,137,213,1 138,76,166,215,1 163,58,195,210,1 188,84,221,212,1 218,90,245,213,1 246,101,270,213,1 272,85,298,214,1 299,79,329,215,1 332,83,356,213,1 357,86,383,212,1 388,78,416,212,1 418,92,451,212,1 447,83,480,212,1 478,75,500,209,1 507,74,533,209,1 535,78,569,208,1 566,81,592,217,1
images/too_facededit_out_brush_detail_plz.jpg 552,126,988,2857,0 41,82,65,214,1 70,85,95,214,1 88,70,117,214,1 117,89,137,213,1 138,76,166,215,1 163,58,195,210,1 188,84,221,212,1 218,90,245,213,1 246,101,270,213,1 272,85,298,214,1 299,79,329,215,1 332,83,356,213,1 357,86,383,212,1 388,78,416,212,1 418,92,451,212,1 447,83,480,212,1 478,75,500,209,1 507,74,533,209,1 535,78,569,208,1 566,81,592,217,1
images/too046_toofaced_betterthansexmascara_1_1560x1960_8qr6c (1).jpg 516,630,810,1896,0 41,82,65,214,1 70,85,95,214,1 88,70,117,214,1 117,89,137,213,1 138,76,166,215,1 163,58,195,210,1 188,84,221,212,1 218,90,245,213,1 246,101,270,213,1 272,85,298,214,1 299,79,329,215,1 332,83,356,213,1 357,86,383,212,1 388,78,416,212,1 418,92,451,212,1 447,83,480,212,1 478,75,500,209,1 507,74,533,209,1 535,78,569,208,1 566,81,592,217,1
images/too046_toofaced_betterthansexmascara_1_1560x1960_8qr6c.jpg 516,630,810,1902,0 41,82,65,214,1 70,85,95,214,1 88,70,117,214,1 117,89,137,213,1 138,76,166,215,1 163,58,195,210,1 188,84,221,212,1 218,90,245,213,1 246,101,270,213,1 272,85,298,214,1 299,79,329,215,1 332,83,356,213,1 357,86,383,212,1 388,78,416,212,1 418,92,451,212,1 447,83,480,212,1 478,75,500,209,1 507,74,533,209,1 535,78,569,208,1 566,81,592,217,1
images/UHoEu99SQkabHh60XxHm_b2b7ad81_3ac1_4823_a3fa_611a03714f6d.png 426,238,703,2012,0 41,82,65,214,1 70,85,95,214,1 88,70,117,214,1 117,89,137,213,1 138,76,166,215,1 163,58,195,210,1 188,84,221,212,1 218,90,245,213,1 246,101,270,213,1 272,85,298,214,1 299,79,329,215,1 332,83,356,213,1 357,86,383,212,1 388,78,416,212,1 418,92,451,212,1 447,83,480,212,1 478,75,500,209,1 507,74,533,209,1 535,78,569,208,1 566,81,592,217,1
images/viva_las_lashes_mascara_j555_black.jpg 688,299,943,1505,0 41,82,65,214,1 70,85,95,214,1 88,70,117,214,1 117,89,137,213,1 138,76,166,215,1 163,58,195,210,1 188,84,221,212,1 218,90,245,213,1 246,101,270,213,1 272,85,298,214,1 299,79,329,215,1 332,83,356,213,1 357,86,383,212,1 388,78,416,212,1 418,92,451,212,1 447,83,480,212,1 478,75,500,209,1 507,74,533,209,1 535,78,569,208,1 566,81,592,217,1
images/volumizing_mascara_rms_beauty_1024x1024.jpg 517,253,621,914,0 41,82,65,214,1 70,85,95,214,1 88,70,117,214,1 117,89,137,213,1 138,76,166,215,1 163,58,195,210,1 188,84,221,212,1 218,90,245,213,1 246,101,270,213,1 272,85,298,214,1 299,79,329,215,1 332,83,356,213,1 357,86,383,212,1 388,78,416,212,1 418,92,451,212,1 447,83,480,212,1 478,75,500,209,1 507,74,533,209,1 535,78,569,208,1 566,81,592,217,1
images/volumizingmascara1.jpg 356,106,446,702,0 41,82,65,214,1 70,85,95,214,1 88,70,117,214,1 117,89,137,213,1 138,76,166,215,1 163,58,195,210,1 188,84,221,212,1 218,90,245,213,1 246,101,270,213,1 272,85,298,214,1 299,79,329,215,1 332,83,356,213,1 357,86,383,212,1 388,78,416,212,1 418,92,451,212,1 447,83,480,212,1 478,75,500,209,1 507,74,533,209,1 535,78,569,208,1 566,81,592,217,1
images/wp_expressionist_black_icons.jpg 1140,994,1476,2570,0 41,82,65,214,1 70,85,95,214,1 88,70,117,214,1 117,89,137,213,1 138,76,166,215,1 163,58,195,210,1 188,84,221,212,1 218,90,245,213,1 246,101,270,213,1 272,85,298,214,1 299,79,329,215,1 332,83,356,213,1 357,86,383,212,1 388,78,416,212,1 418,92,451,212,1 447,83,480,212,1 478,75,500,209,1 507,74,533,209,1 535,78,569,208,1 566,81,592,217,1
images/x1weoclgpd6xzbeoeozo.jpg 246,15,378,599,1
images/youngblood_eyes_mascara_mink_lg1_1.jpg 395,219,563,1181,0 41,82,65,214,1 70,85,95,214,1 88,70,117,214,1 117,89,137,213,1 138,76,166,215,1 163,58,195,210,1 188,84,221,212,1 218,90,245,213,1 246,101,270,213,1 272,85,298,214,1 299,79,329,215,1 332,83,356,213,1 357,86,383,212,1 388,78,416,212,1 418,92,451,212,1 447,83,480,212,1 478,75,500,209,1 507,74,533,209,1 535,78,569,208,1 566,81,592,217,1
images/zoom_25100_SephoraColletion_Web_601e01f4b909496de142c3ed5be94f2e406ec119_1523777920.png 521,60,650,962,0 41,82,65,214,1 70,85,95,214,1 88,70,117,214,1 117,89,137,213,1 138,76,166,215,1 163,58,195,210,1 188,84,221,212,1 218,90,245,213,1 246,101,270,213,1 272,85,298,214,1 299,79,329,215,1 332,83,356,213,1 357,86,383,212,1 388,78,416,212,1 418,92,451,212,1 447,83,480,212,1 478,75,500,209,1 507,74,533,209,1 535,78,569,208,1 566,81,592,217,1
