mascara/1.jpg 384,42,524,763,0 523,138,662,761,1
mascara/2.jpg 201,126,293,594,0 297,10,407,587,1
mascara/3.jpeg 159,118,215,415,0 226,50,297,418,1
mascara/4.jpg 291,252,493,952,0 494,1,661,949,1
mascara/5.jpg 509,122,966,2817,0 974,252,1403,2831,1
mascara/6.jpg 468,489,785,1889,0 779,44,1123,1899,1
mascara/7.jpg 35,6,118,541,0 255,4,365,540,0 501,126,614,543,0 110,1,201,517,1 369,30,479,539,1 608,2,724,541,1
mascara/8.jpg 223,233,340,594,0 319,1,406,581,1
mascara/9.jpg 20,2,66,270,0 69,15,109,267,1 172,33,217,175,1
mascara/10.jpg 429,62,637,1144,0 690,93,876,1153,1
mascara/11.jpg 489,625,803,1876,0 781,52,1064,1801,1
mascara/12.jpg 481,848,990,2742,0 970,162,1425,2745,1
mascara/13.jpg 59,10,250,1192,0 1276,4,1473,1192,0 1888,327,2125,1188,0 650,4,839,1190,0 289,12,515,1195,1 842,105,1031,1194,1 1538,2,1746,1187,1 2119,3,2313,1194,1
mascara/14.jpg 518,255,618,910,0 373,95,514,915,1
mascara/15.jpg 132,105,205,375,0 191,9,264,342,1
mascara/16.jpg 616,60,955,1883,0
mascara/17.jpg 134,102,216,444,0 238,9,326,449,1
mascara/18.jpg 118,104,206,424,0 238,23,325,436,1
mascara/19.jpg 1097,215,1414,2438,0 1403,316,1712,2431,1
mascara/20.jpg 333,233,464,865,0 173,1,319,866,1
mascara/21.jpg 24,15,92,335,0 89,61,155,335,1
mascara/22.jpg 571,438,827,683,1
mascara/23.png 491,14,678,979,0 286,130,483,981,1
mascara/24.jpg 264,221,360,652,0 348,21,432,650,1
mascara/25.jpeg 691,50,1032,1913,0 307,135,690,1937,1
mascara/26.jpg 20,72,47,200,0
mascara/27.jpg 188,43,264,459,0 260,49,343,457,1
mascara/28.jpg 461,384,673,1188,0 660,11,807,1153,1
mascara/29.jpg 4,134,47,388,0 47,126,94,388,0 97,120,147,390,0 153,157,198,390,0 203,145,251,390,0 253,117,304,388,0 310,114,358,387,0 364,118,414,387,0 415,131,466,385,0 469,139,512,385,0 519,139,565,384,0 575,106,624,383,0 627,154,675,384,0 676,91,739,385,0 742,107,783,388,0 787,123,836,388,0 842,117,889,388,0
mascara/30.png 243,187,354,640,0 371,54,484,642,1
mascara/31.jpg 610,384,923,1797,0 1090,13,1413,1782,1
mascara/32.jpg 161,178,243,426,0 76,179,172,379,1
mascara/33.jpg 699,209,1016,1409,0 513,136,722,1443,1
mascara/34.jpg 440,250,568,818,0 328,106,439,812,1
mascara/35.jpg 708,394,830,1057,0 579,203,707,1053,1
mascara/36.jpg 377,165,482,669,0 235,19,348,654,1
mascara/37.jpg 147,187,364,502,1
mascara/38.jpg 30,2,133,299,1 157,179,265,495,1 286,7,376,310,1 412,195,503,494,1 554,7,693,302,1 740,160,834,495,1 862,3,976,292,1
mascara/39.jpg 758,188,1075,1360,0 559,194,770,1381,1
mascara/40.jpg 355,73,505,975,0 494,112,661,960,1
mascara/41.jpg 10,101,480,290,1
mascara/42.jpg 238,167,359,670,0 98,6,216,673,1
mascara/43.jpg 173,167,246,456,0 206,48,303,174,1
mascara/44.jpg 183,345,330,493,1
mascara/45.jpg 1922,312,2542,3546,0 1227,457,1925,3503,1
mascara/46.jpg 150,1,224,448,0 223,-1,296,448,1
mascara/47.jpg 568,553,880,1713,0 866,61,1243,1606,1
mascara/48.jpg 648,241,983,1402,0 447,144,684,1437,1
mascara/49.jpg 128,7,202,327,0
mascara/50.jpg 160,23,241,421,0 229,69,329,422,1
mascara/51.jpg 283,55,416,599,0
mascara/52.png 434,241,697,1987,0 803,21,1167,1948,1
mascara/53.jpg 274,72,515,1411,0 533,180,736,1417,1
mascara/54.jpg 533,79,724,480,1
mascara/55.jpg 1900,330,2511,3550,0 1328,438,1896,3513,1
mascara/56.jpg 98,268,965,726,1 458,588,986,1063,1
mascara/57.jpg 9,6,235,1984,0 283,65,501,1994,1
mascara/58.jpg 177,13,830,591,1
mascara/59.jpg 39,61,581,3572,0 606,242,1117,3579,1
mascara/60.png 163,35,254,471,0 257,30,329,448,1
mascara/61.jpg 1059,210,1661,3479,0 1816,224,2412,3470,1
mascara/62.jpg 484,29,596,589,0 369,77,501,580,1
mascara/63.jpg 22,327,585,641,0 571,426,816,628,1
mascara/64.jpg 95,386,898,526,0 833,432,1129,617,1
mascara/65.jpg 1110,219,1423,2433,0 1396,344,1740,2435,1
mascara/66.jpg 232,140,329,539,0 324,51,402,537,1
mascara/67.jpg 91,2,154,294,0 150,31,216,296,1
mascara/68.jpg 337,471,577,1588,0 618,81,846,1604,1
mascara/69.jpg 98,592,254,1369,1 371,686,554,1402,1 754,725,928,1402,1
mascara/70.jpg 137,9,193,346,0 189,9,245,335,1
mascara/71.jpg 93,110,223,342,0 212,49,313,297,1
mascara/72.png 153,121,259,596,0 260,28,359,595,1
mascara/73.jpg 215,36,296,438,0
mascara/74.jpg 618,141,858,1420,0
mascara/75.jpg 192,1,350,697,0 348,7,503,692,1
mascara/76.jpg 21,12,584,587,0
mascara/77.jpg 237,-1,359,597,0
mascara/78.jpg 286,271,390,673,0 402,123,522,682,1
mascara/79.png 204,179,400,995,0 3,1,180,998,1
mascara/80.jpg 198,147,350,857,0 887,134,996,857,0 1533,129,1663,856,0 371,180,521,864,1 1026,148,1145,859,1 1663,163,1793,858,1
mascara/81.jpg 176,182,250,543,0 336,94,414,543,0 242,54,310,528,1 405,55,463,526,1
mascara/82.png 185,146,343,653,0 311,41,473,648,1
mascara/83.jpg 627,220,806,1030,0 811,14,1003,1040,1
mascara/84.jpg 18,148,295,200,0 5,68,255,156,1
mascara/85.jpg 756,264,1090,1457,0 545,140,762,1433,1
mascara/86.png 908,191,1023,979,0 888,179,1022,964,1
mascara/87.jpg 128,5,207,432,0 276,23,346,426,1
mascara/88.jpg 507,35,692,1160,0
mascara/89.jpg 50,84,113,341,0 7,6,58,329,1 113,118,160,334,1
mascara/90.jpg 85,343,181,1012,1 222,0,381,627,1 345,326,524,1005,1 491,5,688,602,1 674,328,838,1000,1 823,4,970,612,1 938,363,1099,1005,1 1084,6,1213,650,1 1208,344,1336,1005,1 1301,8,1488,663,1 1532,347,1613,996,1 1626,5,1758,626,1
mascara/91.jpg 349,690,480,1182,0 110,216,276,1170,1
mascara/92.jpg 191,13,270,441,0
mascara/93.jpg 809,1015,1353,1584,1
mascara/94.jpg 206,125,282,402,0 111,24,197,372,1
mascara/95.jpg 53,7,591,585,0
mascara/96.jpg
mascara/97.jpg 882,320,1194,1609,0 616,70,909,1590,1
mascara/98.jpg 151,73,199,296,0 85,0,172,298,1
mascara/99.jpg 355,376,438,769,0 464,273,585,777,0 537,216,830,747,1
mascara/100.jpg 952,393,1876,1109,1
mascara/101.jpg 33,232,64,361,0 69,234,88,332,0 91,233,111,334,0 111,235,136,331,0 139,231,162,339,0 165,230,189,339,0 193,230,215,335,0 215,233,241,323,0 245,229,271,318,0 272,231,297,354,0 299,232,326,328,0 331,233,354,333,0 359,228,387,353,0 391,227,414,323,0 423,226,448,322,0 455,229,474,328,0 481,227,510,343,0 512,228,533,337,0 538,226,564,329,0 571,225,593,331,0 39,84,67,213,1 71,85,92,209,1 95,72,112,208,1 116,88,139,209,1 140,81,162,209,1 168,64,190,207,1 195,85,214,207,1 217,92,240,208,1 246,102,270,207,1 274,86,296,212,1 301,84,325,212,1 331,85,354,208,1 359,83,384,212,1 388,84,417,210,1 421,92,448,210,1 454,87,477,209,1 476,76,503,208,1 509,78,537,209,1 537,76,568,206,1 570,84,598,209,1
mascara/102.jpg 233,21,361,846,0 374,77,504,839,1
mascara/103.jpg 204,31,282,394,0 78,0,161,366,1
mascara/104.jpg 87,9,112,150,0 176,7,199,149,0 325,37,351,150,0 59,16,87,150,1 205,15,237,148,1 293,6,323,149,1
mascara/105.jpg 157,140,549,222,1
mascara/106.png 110,82,179,356,0 198,3,269,357,1
mascara/107.jpg 14,36,331,201,1
mascara/108.jpg 290,29,360,435,0 354,22,416,444,1
mascara/109.jpg 215,111,320,838,0 211,1058,326,1785,0 467,104,598,820,1 331,116,456,834,1 340,1079,456,1793,1 471,1070,602,1770,1
mascara/110.jpg
mascara/111.jpg 84,90,260,123,1
mascara/112.jpg 512,432,1193,665,1
mascara/113.jpg 478,271,522,438,0 607,284,647,439,0 731,282,767,437,0 849,275,880,436,0 962,286,996,436,0 1080,274,1114,437,0 1212,278,1251,434,0 1324,272,1358,435,0 1440,269,1472,440,0 440,236,485,435,1 568,242,616,435,1 701,234,740,433,1 818,223,854,434,1 926,237,973,434,1 1053,227,1089,430,1 1174,231,1218,428,1 1297,231,1329,428,1 1409,232,1444,429,1
mascara/114.jpg 312,103,400,620,0
mascara/115.jpg 386,158,796,812,1
mascara/116.png 75,47,116,194,0 113,14,159,196,1
mascara/117.jpg 527,201,693,895,0 717,18,902,891,1
mascara/118.jpg 553,152,716,703,1
mascara/119.jpg 968,349,1098,716,0 1125,253,1269,717,1
mascara/120.jpg 116,99,489,211,1
mascara/121.jpg 127,2,197,324,0
mascara/122.jpg 463,134,628,944,0
mascara/123.jpg
mascara/124.jpg 125,38,247,738,0 256,36,364,739,0 372,52,481,737,1
mascara/125.jpg 2,15,57,243,0 135,62,186,260,0 34,249,94,441,0 257,81,311,265,0 381,66,424,273,0 476,109,616,160,0 485,215,537,443,0 610,206,672,441,0 55,15,102,235,1 96,189,144,438,1 183,20,244,254,1 312,22,368,255,1 424,8,472,266,1 468,53,724,107,1 538,215,595,442,1
mascara/126.jpg 917,1118,1932,1707,1
mascara/127.jpg 214,32,293,457,0
mascara/128.jpg 1001,112,1819,4143,0
mascara/129.jpg 5,0,58,420,0 66,18,135,427,0 148,27,215,427,0 223,-1,291,429,0 304,27,377,425,0 389,27,464,424,0 479,5,536,420,0 545,31,623,425,0 631,1,701,423,0 714,33,769,423,0 778,6,843,421,0 1150,73,1226,451,0 1234,37,1298,457,0 1079,21,1140,440,0
mascara/130.jpg 71,126,142,488,0 436,120,511,500,0 767,102,845,477,0 74,637,188,975,0 415,649,520,979,0 711,629,828,982,0 115,4,336,413,1 496,4,576,504,1 831,4,897,466,1 779,503,998,881,1 496,514,581,960,1 169,499,257,956,1
mascara/131.jpg 2038,870,2571,3542,0 1334,102,2290,3574,1
mascara/132.jpg 227,30,348,749,0 379,67,492,748,1
mascara/133.png 172,33,209,329,0 210,45,264,331,1 315,64,383,233,1
mascara/134.jpg 326,608,572,1642,0 558,548,1015,1204,1
mascara/135.jpg
mascara/136.jpg 330,50,461,745,0
mascara/137.jpg 132,124,500,509,1
mascara/138.jpg 252,9,343,490,0 140,50,240,490,1
mascara/139.jpg 233,194,361,750,0 395,23,556,739,1
mascara/140.jpg 518,237,625,688,0 361,10,482,597,1
mascara/141.jpg 106,154,295,205,1
mascara/142.jpg 343,7,480,596,0 243,6,380,589,1
mascara/143.jpg 811,13,967,1043,0 624,89,819,1050,1
mascara/144.jpg 10,12,51,208,1 57,7,103,208,1 106,6,149,204,1 148,7,191,205,1 198,9,248,201,1 249,3,298,201,1 296,7,343,201,1 341,8,394,199,1 400,6,447,200,1 454,8,493,204,1
mascara/145.jpg 11,220,455,299,1 270,118,763,243,1
mascara/146.jpg 209,289,352,854,0 854,281,993,858,0 1656,285,1789,865,0 351,107,508,863,1 1005,90,1150,863,1 1515,99,1652,862,1
mascara/147.jpg 179,14,289,652,0 284,12,505,643,1
mascara/148.jpg 202,184,304,654,0 399,179,499,645,0 592,203,706,644,0 102,91,200,618,1 305,10,396,615,1 493,54,596,609,1
mascara/149.jpg 185,60,1104,213,0 186,241,1079,422,1
mascara/150.jpg 296,94,411,629,0
mascara/151.jpg 162,1,237,322,0 92,27,169,327,1
mascara/152.jpg 421,358,536,799,0 26,692,437,810,1
mascara/153.jpg
mascara/154.jpg 622,457,689,711,0 734,455,798,712,0 831,478,911,713,0 942,457,1002,714,0 1038,458,1114,715,0 1146,539,1206,713,0 605,10,682,241,1 733,9,796,224,1 831,9,900,223,1 936,7,1005,215,1 1050,12,1119,222,1 1155,9,1212,205,1
mascara/155.jpg 384,96,468,482,0
mascara/156.png 164,99,259,448,0 261,49,369,475,1
mascara/157.jpg 150,84,202,330,0 201,29,251,329,1
mascara/158.jpg 83,77,474,220,1
mascara/159.jpg 97,101,186,418,0 12,4,98,409,1
mascara/160.png 201,183,256,408,0 140,81,208,405,1
mascara/161.jpg 247,78,391,232,1
mascara/162.jpg
mascara/163.jpg 478,189,613,941,0 322,13,487,943,1
mascara/164.jpg 22,158,867,620,1
mascara/165.jpg 134,45,227,595,0 215,77,307,600,1
mascara/166.jpg 234,167,313,548,0 22,14,244,430,1
mascara/167.jpg 464,134,608,938,0
mascara/168.jpg 29,11,586,592,0
mascara/169.jpg 500,30,665,754,0
mascara/170.jpg
mascara/171.jpg 153,120,210,363,0 117,15,159,301,1
mascara/172.jpg 121,3,203,324,0
mascara/173.jpg 310,108,435,874,0 486,140,656,890,1
mascara/174.jpg 17,214,744,429,0
mascara/175.jpg 26,7,69,222,0 160,8,208,223,0 301,8,340,221,0 68,27,107,219,1
mascara/176.jpg 225,215,1419,543,1
mascara/177.jpg 473,316,826,468,1
mascara/178.jpg
mascara/179.jpg 177,210,347,956,0 534,396,669,952,0 335,43,497,947,1 674,277,832,954,1
mascara/180.jpg
mascara/181.jpg
mascara/182.jpg 167,86,308,724,0 319,132,447,718,1
mascara/183.jpg 485,98,566,483,0 405,18,483,487,1
mascara/184.jpg 221,4,284,198,1 151,1,205,196,1 78,11,136,194,1 5,10,59,198,1
mascara/185.jpeg 397,645,628,1818,0 622,676,773,1787,1
mascara/186.jpg 75,30,147,410,1
mascara/187.jpg 1,7,382,97,0 618,16,692,307,0 347,378,654,427,0 123,535,179,699,0 317,558,698,688,0 187,536,244,695,0 193,446,697,549,1 347,316,695,376,1 61,379,119,696,1 534,25,630,281,1
mascara/188.jpg 229,172,338,591,0
mascara/189.jpg 355,225,425,529,0 287,486,517,650,1
mascara/191.jpg 105,47,239,604,0 248,152,343,602,1
mascara/192.jpg
mascara/193.jpg 933,450,977,659,0 882,387,931,657,1
mascara/194.jpg 237,98,353,584,0 353,7,453,583,1
mascara/195.jpg 248,194,2221,506,0 224,494,2149,822,1
mascara/196.jpg 129,35,194,263,0 83,23,139,270,1
mascara/197.jpg 313,107,460,895,0 515,149,645,892,1
mascara/198.jpg
mascara/199.jpg 178,27,257,461,0 79,100,200,478,1
mascara/200.jpg 172,8,285,441,1
mascara/201.png 92,8,147,267,0
mascara/202.jpg 75,21,198,362,0 20,332,363,496,1
mascara/203.jpg 133,56,248,375,1
mascara/204.jpg 301,8,386,496,0 236,38,309,484,1
mascara/205.jpg
mascara/206.jpg 1550,7,1785,393,1
mascara/207.jpg 610,193,733,673,0 463,37,597,674,1
mascara/208.jpg 131,87,179,298,0 91,103,137,285,1
mascara/209.jpg 585,187,792,1029,0 797,18,1009,1038,1
mascara/210.jpg 176,69,458,1060,1
mascara/211.jpg
mascara/212.jpg 136,299,453,411,1
mascara/213.jpg 311,519,961,662,0 562,393,1131,518,1
mascara/214.jpg 127,39,191,263,0 86,24,140,280,1
mascara/215.jpg 211,49,289,560,0 95,55,219,561,1
mascara/216.jpeg 1892,1382,2116,2683,0
mascara/217.jpg 174,67,326,491,0 338,145,476,424,0 25,217,225,555,1
mascara/218.jpg 264,155,348,588,0 352,53,440,585,1
mascara/219.jpg 130,78,521,172,0 151,180,712,294,1
mascara/220.jpg 895,825,1040,1590,0 1049,849,1163,1587,1
mascara/221.png 201,134,254,412,0 136,45,200,404,1
mascara/222.jpg 214,44,337,829,0 372,53,505,831,1
mascara/223.jpg 628,17,854,1443,0
mascara/224.jpg
mascara/225.jpg 300,53,449,950,0 191,96,315,948,1
mascara/226.jpg 122,25,174,281,0
mascara/227.jpg 618,28,874,1650,0 218,78,639,1648,1
mascara/228.png 4,94,478,172,0 4,6,480,76,1
mascara/229.jpg 369,225,478,809,0 241,74,349,804,1
mascara/230.jpg 379,39,526,759,0 522,138,663,761,1
mascara/231.jpeg 153,116,222,411,0 229,45,295,420,1
mascara/232.jpg 452,883,971,2731,0 966,165,1436,2721,1
mascara/233.jpg 77,3,245,1192,0 651,11,836,1190,0 1268,1,1470,1190,0 1885,303,2122,1191,0 307,6,504,1191,1 851,108,1024,1188,1 1531,18,1755,1191,1 2126,6,2326,1186,1
mascara/234.jpg 519,252,616,908,0 371,89,507,917,1
mascara/235.jpg
mascara/236.png 407,315,557,1002,0 223,138,397,1007,1
mascara/237.jpg
mascara/238.jpg 256,217,363,653,0 341,26,435,638,1
mascara/239.jpg 253,52,420,940,0
mascara/240.jpg 179,184,245,435,0 80,155,186,370,1
mascara/241.jpg 382,162,478,652,0 222,14,347,656,1
mascara/242.jpg 132,36,208,469,0 247,32,330,466,1
mascara/243.jpg 336,330,506,1542,0 482,8,630,1539,1
mascara/244.jpg 42,3,120,299,1 146,179,267,498,1 278,4,378,312,1 556,12,681,299,1 411,193,503,486,1 741,157,834,498,1 872,2,968,293,1
mascara/245.jpg 117,101,287,925,0 325,134,516,930,1
mascara/246.jpg 163,168,252,457,0 211,45,339,263,1
mascara/247.jpg
mascara/248.png 405,227,719,1983,0 867,18,1149,1984,1
mascara/249.jpg 342,58,505,958,0 496,143,654,965,1
mascara/250.jpg 730,188,1003,1801,0 501,268,751,1803,1
mascara/251.jpg
mascara/252.jpg 47,34,586,3558,0 602,228,1099,3606,1
mascara/253.jpg 487,30,593,587,0 370,73,505,586,1
mascara/254.png 721,545,1022,1792,0 1017,5,1267,1692,1
mascara/255.jpg 100,392,894,523,0
mascara/256.jpg 214,33,288,431,0
mascara/257.jpg 135,304,312,960,0 548,473,695,967,0 323,80,486,976,1 697,308,865,967,1
mascara/258.jpg 80,344,187,1004,1 209,6,358,625,1 334,296,512,998,1 487,9,686,646,1 679,312,836,1001,1 828,11,960,624,1 937,355,1093,1004,1 1088,13,1221,663,1 1211,338,1344,1007,1 1301,9,1489,658,1 1528,329,1609,1009,1 1626,6,1766,633,1
mascara/259.jpg 1293,191,1742,2799,0
mascara/260.jpg 330,250,500,972,0 509,26,664,973,1
mascara/261.jpg
mascara/262.jpg
mascara/263.jpg 731,459,917,1410,0 898,147,1137,1418,1
mascara/264.jpg 378,155,808,814,1
mascara/265.png 76,51,114,195,0 113,16,160,197,1
mascara/266.jpg 898,180,1382,2834,0 1711,477,2113,2797,1
mascara/267.jpg
mascara/268.jpg 324,213,485,954,0 494,99,654,962,1
mascara/269.jpg 458,139,621,958,0
mascara/270.jpg 215,31,298,460,0
mascara/271.jpg 243,53,513,1202,0 583,93,718,1208,1
mascara/272.jpg
mascara/273.jpg
mascara/274.jpg 251,1,342,489,0 141,55,239,495,1
mascara/275.jpg 522,75,867,764,0 671,759,915,818,1
mascara/276.png 703,5,1310,1782,1
mascara/277.jpg 320,48,488,742,0
mascara/278.png 676,7,1011,1816,0 990,70,1308,1819,1
mascara/279.jpg 1395,582,1559,1719,0 1542,604,1716,1706,1
mascara/280.jpg 368,23,632,969,1
mascara/281.png 175,101,259,457,0 264,61,357,484,1
mascara/282.jpeg 1748,415,1982,1516,0 42,10,1147,336,0 2024,32,2313,1488,1
mascara/283.jpg 228,161,322,537,0 23,19,244,445,1
mascara/284.jpg 466,136,603,935,0
mascara/285.jpg
mascara/286.jpg 21,236,739,427,0
mascara/287.png 97,6,147,223,0
mascara/288.jpg 179,41,255,492,0 20,4,106,182,1 251,48,300,491,1
mascara/289.jpg 780,148,1197,1846,0
mascara/290.jpg
mascara/291.png 823,-2,1158,1788,0
mascara/292.jpg 229,95,351,575,0 349,7,451,577,1
mascara/293.jpg 39,26,157,967,1 239,26,366,968,1 432,28,571,975,1 623,35,767,974,1 821,30,976,984,1
mascara/294.jpg 133,81,176,294,0 90,98,138,293,1
mascara/295.jpg 482,446,1200,1242,0 172,59,445,1070,1
mascara/296.jpg 259,160,348,586,0 356,46,447,593,1
mascara/297.jpg 538,390,960,847,1
mascara/298.jpg 141,159,320,419,1
mascara/299.jpg 124,24,174,278,0