1.jpg 78,60,116,179,0
2.jpg 11,5,180,379,0
3.jpg 180,64,324,485,0
4.jpg 51,9,169,298,0 155,115,260,264,0
5.jpg 117,167,238,510,0
6.jpg 31,4,217,159,0
7.jpg 31,13,72,139,0 72,55,108,135,0
8.jpg 33,10,97,177,0
9.jpg 35,81,99,236,0
10.jpg 227,408,386,968,0 387,409,555,971,0
11.jpg 155,50,299,498,0
12.jpg 131,59,272,470,0 288,108,418,521,0
13.jpg 4,5,77,236,0
14.jpg 136,35,205,151,0 31,24,81,140,0 2,71,52,190,0
15.jpg 519,108,669,600,0
16.jpg 148,174,318,535,0
17.jpg 712,52,890,676,0
18.jpg 23,6,276,245,0
19.jpg 106,91,177,189,0
20.jpg 97,87,151,274,0
21.jpg 140,242,213,436,0
22.jpg 61,93,138,220,0 10,75,65,203,0